{"round_id": "b0f9d1bf-4b71-4e6e-816c-19c718d29056", "predictions": {"0": [[[0.9523807278676467, 0.00952385442647066, 0.00952385442647066, 0.00952385442647066, 0.00952385442647066, 0.00952385442647066], [0.9523807278676467, 0.00952385442647066, 0.00952385442647066, 0.00952385442647066, 0.00952385442647066, 0.00952385442647066], [0.9523807278676467, 0.00952385442647066, 0.00952385442647066, 0.00952385442647066, 0.00952385442647066, 0.00952385442647066], [0.9523807278676467, 0.00952385442647066, 0.00952385442647066, 0.00952385442647066, 0.00952385442647066, 0.00952385442647066], [0.9523807278676467, 0.00952385442647066, 0.00952385442647066, 0.00952385442647066, 0.00952385442647066, 0.00952385442647066], [0.9523807278676467, 0.00952385442647066, 0.00952385442647066, 0.00952385442647066, 0.00952385442647066, 0.00952385442647066], [0.9523807278676467, 0.00952385442647066, 0.00952385442647066, 0.00952385442647066, 0.00952385442647066, 0.00952385442647066], [0.9523807278676467, 0.00952385442647066, 0.00952385442647066, 0.00952385442647066, 0.00952385442647066, 0.00952385442647066], [0.9523807278676467, 0.00952385442647066, 0.00952385442647066, 0.00952385442647066, 0.00952385442647066, 0.00952385442647066], [0.9523807278676467, 0.00952385442647066, 0.00952385442647066, 0.00952385442647066, 0.00952385442647066, 0.00952385442647066], [0.9523807278676467, 0.00952385442647066, 0.00952385442647066, 0.00952385442647066, 0.00952385442647066, 0.00952385442647066], [0.9523807278676467, 0.00952385442647066, 0.00952385442647066, 0.00952385442647066, 0.00952385442647066, 0.00952385442647066], [0.9523807278676467, 0.00952385442647066, 0.00952385442647066, 0.00952385442647066, 0.00952385442647066, 0.00952385442647066], [0.9523807278676467, 0.00952385442647066, 0.00952385442647066, 0.00952385442647066, 0.00952385442647066, 0.00952385442647066], [0.9523807278676467, 0.00952385442647066, 0.00952385442647066, 0.00952385442647066, 0.00952385442647066, 0.00952385442647066], [0.9523807278676467, 0.00952385442647066, 0.00952385442647066, 0.00952385442647066, 0.00952385442647066, 0.00952385442647066], [0.9523807278676467, 0.00952385442647066, 0.00952385442647066, 0.00952385442647066, 0.00952385442647066, 0.00952385442647066], [0.9523807278676467, 0.00952385442647066, 0.00952385442647066, 0.00952385442647066, 0.00952385442647066, 0.00952385442647066], [0.9523807278676467, 0.00952385442647066, 0.00952385442647066, 0.00952385442647066, 0.00952385442647066, 0.00952385442647066], [0.9523807278676467, 0.00952385442647066, 0.00952385442647066, 0.00952385442647066, 0.00952385442647066, 0.00952385442647066], [0.9523807278676467, 0.00952385442647066, 0.00952385442647066, 0.00952385442647066, 0.00952385442647066, 0.00952385442647066], [0.9523807278676467, 0.00952385442647066, 0.00952385442647066, 0.00952385442647066, 0.00952385442647066, 0.00952385442647066], [0.9523807278676467, 0.00952385442647066, 0.00952385442647066, 0.00952385442647066, 0.00952385442647066, 0.00952385442647066], [0.9523807278676467, 0.00952385442647066, 0.00952385442647066, 0.00952385442647066, 0.00952385442647066, 0.00952385442647066], [0.9523807278676467, 0.00952385442647066, 0.00952385442647066, 0.00952385442647066, 0.00952385442647066, 0.00952385442647066], [0.9523807278676467, 0.00952385442647066, 0.00952385442647066, 0.00952385442647066, 0.00952385442647066, 0.00952385442647066], [0.9523807278676467, 0.00952385442647066, 0.00952385442647066, 0.00952385442647066, 0.00952385442647066, 0.00952385442647066], [0.9523807278676467, 0.00952385442647066, 0.00952385442647066, 0.00952385442647066, 0.00952385442647066, 0.00952385442647066], [0.9523807278676467, 0.00952385442647066, 0.00952385442647066, 0.00952385442647066, 0.00952385442647066, 0.00952385442647066], [0.9523807278676467, 0.00952385442647066, 0.00952385442647066, 0.00952385442647066, 0.00952385442647066, 0.00952385442647066], [0.9523807278676467, 0.00952385442647066, 0.00952385442647066, 0.00952385442647066, 0.00952385442647066, 0.00952385442647066], [0.9523807278676467, 0.00952385442647066, 0.00952385442647066, 0.00952385442647066, 0.00952385442647066, 0.00952385442647066], [0.9523807278676467, 0.00952385442647066, 0.00952385442647066, 0.00952385442647066, 0.00952385442647066, 0.00952385442647066], [0.9523807278676467, 0.00952385442647066, 0.00952385442647066, 0.00952385442647066, 0.00952385442647066, 0.00952385442647066], [0.9523807278676467, 0.00952385442647066, 0.00952385442647066, 0.00952385442647066, 0.00952385442647066, 0.00952385442647066], [0.9523807278676467, 0.00952385442647066, 0.00952385442647066, 0.00952385442647066, 0.00952385442647066, 0.00952385442647066], [0.9523807278676467, 0.00952385442647066, 0.00952385442647066, 0.00952385442647066, 0.00952385442647066, 0.00952385442647066], [0.9523807278676467, 0.00952385442647066, 0.00952385442647066, 0.00952385442647066, 0.00952385442647066, 0.00952385442647066], [0.9523807278676467, 0.00952385442647066, 0.00952385442647066, 0.00952385442647066, 0.00952385442647066, 0.00952385442647066], [0.9523807278676467, 0.00952385442647066, 0.00952385442647066, 0.00952385442647066, 0.00952385442647066, 0.00952385442647066]], [[0.9523807278676467, 0.00952385442647066, 0.00952385442647066, 0.00952385442647066, 0.00952385442647066, 0.00952385442647066], [0.0300873494427136, 0.12324008386317291, 0.02140365857850776, 0.009878369296626648, 0.8055121695223523, 0.009878369296626648], [0.7868823787541536, 0.15197823897871784, 0.026506150599384912, 0.00985791425837753, 0.014917403150988698, 0.00985791425837753], [0.024164780951294953, 0.20693441903775622, 0.06861304683267311, 0.009870833869646854, 0.6805460854389819, 0.009870833869646854], [0.6740071354823048, 0.2106790411142632, 0.05813451818833665, 0.009861323737161901, 0.03745665774077158, 0.009861323737161901], [0.04943819228599302, 0.17892896374454506, 0.0936483738400818, 0.012677213992681912, 0.6553855653983559, 0.009921690738342261], [0.6503225481298709, 0.20765228903812774, 0.08105444708528943, 0.02674148068865601, 0.024309581682240112, 0.009919653375815784], [0.5978457563039271, 0.2478517268539979, 0.0965713874936693, 0.015218586068042675, 0.032589729795386116, 0.009922813484976905], [0.04997695127200436, 0.25534030629877263, 0.07238508422683837, 0.01547800675343476, 0.5968958335395446, 0.009923817909405384], [0.6845954113624745, 0.20697989349245, 0.05609236284158543, 0.011660106247270326, 0.030754906414487224, 0.009917319641732498], [0.09267446435691988, 0.2694333912552831, 0.09660210295909885, 0.009884810002862515, 0.5215204214229731, 0.009884810002862515], [0.6683280768737272, 0.2063157682096497, 0.08645535800367016, 0.012299152785663814, 0.016680194677756548, 0.00992144944953274], [0.6635047540755606, 0.18049474114258915, 0.08104426802749498, 0.012015881472517673, 0.05302071480111117, 0.009919640480726495], [0.671256183825495, 0.23098725607602083, 0.053832005976640944, 0.009873271986951556, 0.02417801014794013, 0.009873271986951556], [0.054893711208016324, 0.22837640591267824, 0.05239624279420223, 0.021619502308831473, 0.6327832321925817, 0.009930905583689965], [0.6763731114527856, 0.20219327657113673, 0.07753931528628288, 0.00986978450958254, 0.024154727670629622, 0.00986978450958254], [0.6914929369878887, 0.21397083118700103, 0.041834806874298025, 0.011859391492899534, 0.030923525575198972, 0.009918507882713767], [0.0635682237045839, 0.16986009350449688, 0.03636727116611548, 0.02050558927908972, 0.6997741985290198, 0.009924623816694367], [0.8125806508690996, 0.10441238669448857, 0.027863634199260863, 0.012021406826907008, 0.033202032479092605, 0.009919888931151564], [0.8364376345039314, 0.08654843577895859, 0.03459723087422199, 0.0098631561563935, 0.022690386530101126, 0.0098631561563935], [0.8885134931423078, 0.06235899103769525, 0.01961762155406661, 0.009836631421976829, 0.009836631421976829, 0.009836631421976829], [0.8975740685607635, 0.06096421526574129, 0.011978052021355087, 0.009827888050713357, 0.009827888050713357, 0.009827888050713357], [0.013038226386831643, 0.04588267921763141, 0.00981294253409304, 0.00981294253409304, 0.9116402667932579, 0.00981294253409304], [0.9094783552649823, 0.05148009999415539, 0.00976038618521557, 0.00976038618521557, 0.00976038618521557, 0.00976038618521557], [0.9089201271604391, 0.04594679681598608, 0.011519183155523376, 0.009851129252663491, 0.013911634362724443, 0.009851129252663491], [0.9062985278372724, 0.05464847525139306, 0.00976324922783361, 0.00976324922783361, 0.00976324922783361, 0.00976324922783361], [0.02813988596887071, 0.08681494180457879, 0.011121144569515342, 0.00984998956015917, 0.8542240485367167, 0.00984998956015917], [0.020697098638227385, 0.11081080148718588, 0.017759856337036462, 0.009843485690052486, 0.8310452721574452, 0.009843485690052486], [0.029319147547156896, 0.1452751471730119, 0.0615559467530651, 0.009843701041566935, 0.7441623564436324, 0.009843701041566935], [0.045946312505869245, 0.19170620372791058, 0.055199097557267915, 0.00985382959616648, 0.6874407270166193, 0.00985382959616648], [0.7070811188546251, 0.2097614091662246, 0.026056961050619505, 0.009853671307753447, 0.037393168313023896, 0.009853671307753447], [0.7032235328693691, 0.17253930760046918, 0.0573916187516282, 0.009874708327136114, 0.04709612412426117, 0.009874708327136114], [0.7504265214366356, 0.1466839572359057, 0.05069776346403546, 0.009879516327054928, 0.03243272520931342, 0.009879516327054928], [0.6001723937300163, 0.21864885588782254, 0.1252377506645232, 0.013203733174846632, 0.03281178057997751, 0.009925485962813915], [0.5869629246865825, 0.19471699616682026, 0.16354510333702324, 0.02001007598103727, 0.02484290061590792, 0.009921999212628934], [0.03321035677266093, 0.21491615378935208, 0.058187921173160226, 0.009882345988841704, 0.6739208762871434, 0.009882345988841704], [0.7377719446994025, 0.1708333472770634, 0.04156813905605933, 0.009860562925609934, 0.030105443116254828, 0.009860562925609934], [0.760707145801784, 0.1546444696702868, 0.027416306849185296, 0.009864510106314475, 0.03750305746611496, 0.009864510106314475], [0.803108694025428, 0.12257724558386732, 0.035264329941962644, 0.01924668065223557, 0.009901524898253236, 0.009901524898253236], [0.9523807278676467, 0.00952385442647066, 0.00952385442647066, 0.00952385442647066, 0.00952385442647066, 0.00952385442647066]], [[0.9523807278676467, 0.00952385442647066, 0.00952385442647066, 0.00952385442647066, 0.00952385442647066, 0.00952385442647066], [0.7587797903740562, 0.17613128514839713, 0.027722430827305185, 0.011856754785261055, 0.01559046378851115, 0.00991927507646929], [0.7342697093168303, 0.2121001566695728, 0.009866069712188466, 0.018586484354612232, 0.015311510234607698, 0.009866069712188466], [0.6521260821965932, 0.2745890513529652, 0.009797979709093645, 0.009797979709093645, 0.04389092732316062, 0.009797979709093645], [0.5955130552259875, 0.30907720162598934, 0.009801131117654757, 0.009801131117654757, 0.06600634979505898, 0.009801131117654757], [0.5500750888375122, 0.37397747375924034, 0.009856862021763217, 0.01840625515061976, 0.03782745820910117, 0.009856862021763217], [0.5808198641319126, 0.3557647292430831, 0.009870055597291288, 0.011903460153382457, 0.03177183527703936, 0.009870055597291288], [0.2593162281705152, 0.465933113166371, 0.009749991733803767, 0.039820212189009246, 0.21543046300649693, 0.009749991733803767], [0.6101740653297835, 0.3342991404503652, 0.009865098661374777, 0.011622512110792764, 0.024174084786308944, 0.009865098661374777], [0.5436455430949639, 0.3577370825113531, 0.009866064771005404, 0.04786319362655808, 0.031022051225114183, 0.009866064771005404], [0.5558289046948534, 0.36113860419121563, 0.0098580651478616, 0.018408325335985663, 0.044908035482222164, 0.0098580651478616], [0.5273052693824484, 0.3423914104165627, 0.009871659926943673, 0.03598650940370473, 0.07457349094339676, 0.009871659926943673], [0.6033008497080486, 0.3104199244200686, 0.009864905127572965, 0.04292988976082948, 0.023619525855907226, 0.009864905127572965], [0.5793247381926594, 0.343207242481948, 0.009869418976643625, 0.019046924511470966, 0.03868225686063437, 0.009869418976643625], [0.29066916822028366, 0.44985395030887126, 0.009814680793288712, 0.009814680793288712, 0.2300328390909788, 0.009814680793288712], [0.07410592303369964, 0.35063383374197654, 0.009876182762211054, 0.012507971030796022, 0.5429999066691057, 0.009876182762211054], [0.6040194456384812, 0.29348635833727854, 0.009793008746227629, 0.009793008746227629, 0.07311516978555734, 0.009793008746227629], [0.6700815228982231, 0.24488121403006424, 0.009851430762871925, 0.0181931373712112, 0.04714126417475766, 0.009851430762871925], [0.6789422655809716, 0.2464836211668219, 0.009851398977914122, 0.018071264501596632, 0.03680005079478164, 0.009851398977914122], [0.8290837498004593, 0.131880875470689, 0.009758843682212963, 0.009758843682212963, 0.009758843682212963, 0.009758843682212963], [0.8608917249196043, 0.10009296672430099, 0.009753827089023703, 0.009753827089023703, 0.009753827089023703, 0.009753827089023703], [0.8998713073101496, 0.061186677250991466, 0.009735503859714723, 0.009735503859714723, 0.009735503859714723, 0.009735503859714723], [0.8980363087817155, 0.05990139200648729, 0.009768403633705144, 0.009768403633705144, 0.012757088310682013, 0.009768403633705144], [0.8946194252669656, 0.06644394363045299, 0.009734157775645338, 0.009734157775645338, 0.009734157775645338, 0.009734157775645338], [0.8856484148199991, 0.07541741239498198, 0.009733543196254739, 0.009733543196254739, 0.009733543196254739, 0.009733543196254739], [0.865594325574356, 0.09175527918399345, 0.009776290220371287, 0.009776290220371287, 0.013321524580536712, 0.009776290220371287], [0.8472943423152524, 0.11380766561738635, 0.009724498016840305, 0.009724498016840305, 0.009724498016840305, 0.009724498016840305], [0.7476702588917643, 0.20282377972162985, 0.009765018894790301, 0.009765018894790301, 0.020210904702234904, 0.009765018894790301], [0.03692978148741897, 0.24275852068720807, 0.009774691851844191, 0.009774691851844191, 0.6909876222698405, 0.009774691851844191], [0.038639655883439636, 0.21237615518327235, 0.009781598927621355, 0.009781598927621355, 0.719639392150424, 0.009781598927621355], [0.05639431505878176, 0.23924711923474914, 0.009808102720909104, 0.009808102720909104, 0.6749342575437417, 0.009808102720909104], [0.2670919360886541, 0.5256528926211895, 0.009751942694723738, 0.03761869651945413, 0.15013258938125473, 0.009751942694723738], [0.10486394957561164, 0.3097368924721485, 0.009902113208281835, 0.021193687705845347, 0.5444012438298308, 0.009902113208281835], [0.6248947169448604, 0.31753572932385576, 0.009884491825461077, 0.019972905442323663, 0.01782766463803802, 0.009884491825461077], [0.62850424202098, 0.31491661226538836, 0.009875240308646512, 0.012184551846194948, 0.024644113250143606, 0.009875240308646512], [0.6081015953028363, 0.34457732025192256, 0.009866191547458818, 0.01156635308238121, 0.016022348267942296, 0.009866191547458818], [0.645806371192182, 0.30260949848297447, 0.009795134524375847, 0.009795134524375847, 0.022198726751715945, 0.009795134524375847], [0.02415873368717513, 0.26383519392163174, 0.009874134452441351, 0.012032339618048693, 0.6802254638682619, 0.009874134452441351], [0.04768454720683335, 0.11857149371454033, 0.04289169892721426, 0.009874610604966721, 0.7711030389414787, 0.009874610604966721], [0.9523807278676467, 0.00952385442647066, 0.00952385442647066, 0.00952385442647066, 0.00952385442647066, 0.00952385442647066]], [[0.9523807278676467, 0.00952385442647066, 0.00952385442647066, 0.00952385442647066, 0.00952385442647066, 0.00952385442647066], [0.7707346910492268, 0.14913905108847983, 0.04238836443109017, 0.01189887512861882, 0.015919904481762198, 0.009919113820822235], [0.6598962350327117, 0.28142703802169455, 0.009793151177644953, 0.009793151177644953, 0.02929727341265895, 0.009793151177644953], [0.06007246280194106, 0.3406603774659404, 0.00981907981292795, 0.00981907981292795, 0.5698099202933347, 0.00981907981292795], [0.06795784985556456, 0.3867897315424026, 0.00985532479000521, 0.012733320169828557, 0.5128084488521939, 0.00985532479000521], [0.5238370063727179, 0.4021413687633513, 0.009845918246966316, 0.014302611820596372, 0.04002717654940158, 0.009845918246966316], [0.559046159667735, 0.34306795858369626, 0.009793291078107683, 0.009793291078107683, 0.06850600851424582, 0.009793291078107683], [0.07262647131468111, 0.38420070700741854, 0.009868020282596056, 0.023560888152105497, 0.4998758929606028, 0.009868020282596056], [0.5491982687344753, 0.3423531917081847, 0.009850732013122171, 0.012210582156333577, 0.076536493374762, 0.009850732013122171], [0.5509126441856839, 0.36271431514155944, 0.009850858786125249, 0.012178148540137147, 0.05449317456036919, 0.009850858786125249], [0.07753080305033308, 0.3787541014926756, 0.00986572498717201, 0.013571385077133978, 0.5104122604055134, 0.00986572498717201], [0.5845420245714533, 0.34188440203989073, 0.009863245988435708, 0.027506818203740874, 0.026340263208043547, 0.009863245988435708], [0.5740348790256878, 0.3453296872109802, 0.009859635153057059, 0.012789313194270041, 0.048126850262947746, 0.009859635153057059], [0.6195279336759886, 0.30611790366319974, 0.009864791767873611, 0.03494243589148865, 0.019682143233575852, 0.009864791767873611], [0.5754754654653872, 0.30438031105970215, 0.009872540906885264, 0.021176380495241516, 0.0792227611658986, 0.009872540906885264], [0.5751004373688402, 0.35170023582811705, 0.009854734160460647, 0.012566540490980488, 0.04092331799114093, 0.009854734160460647], [0.5499407023208103, 0.3643849215831078, 0.009846437667363374, 0.011855022039170597, 0.05412647872218462, 0.009846437667363374], [0.6674376615383228, 0.2714341272935053, 0.009782659967756676, 0.009782659967756676, 0.03178023126490178, 0.009782659967756676], [0.0540233346150718, 0.3572803886826001, 0.009796385049946763, 0.009796385049946763, 0.5593071215524879, 0.009796385049946763], [0.7338970212962144, 0.19210486383698722, 0.009774661425519058, 0.009774661425519058, 0.04467413059024134, 0.009774661425519058], [0.787504220370615, 0.1735034608655357, 0.009748079690962348, 0.009748079690962348, 0.009748079690962348, 0.009748079690962348], [0.023419690313949488, 0.14653750531695373, 0.009774196523005499, 0.009774196523005499, 0.8007202148000803, 0.009774196523005499], [0.9025957737974413, 0.05843377421868447, 0.009742612995968564, 0.009742612995968564, 0.009742612995968564, 0.009742612995968564], [0.02234525620206358, 0.12325562174103921, 0.009775650267294413, 0.009775650267294413, 0.825072171255014, 0.009775650267294413], [0.015433808881999094, 0.0959924651193329, 0.009773837655304186, 0.009773837655304186, 0.8592522130327553, 0.009773837655304186], [0.8791192459250116, 0.08186159367196517, 0.00975479010075582, 0.00975479010075582, 0.00975479010075582, 0.00975479010075582], [0.0239250513295049, 0.11818322181982964, 0.009779899371670618, 0.009779899371670618, 0.8285520287356535, 0.009779899371670618], [0.8402795334700645, 0.12075962710343112, 0.009740209856626094, 0.009740209856626094, 0.009740209856626094, 0.009740209856626094], [0.7137093061386601, 0.2350581470893807, 0.009763012887358093, 0.009763012887358093, 0.021943508109884834, 0.009763012887358093], [0.04145919303038552, 0.24823063148515856, 0.009774258523763067, 0.009774258523763067, 0.6809873999131668, 0.009774258523763067], [0.6883294972363715, 0.2640646505986934, 0.009769833073868452, 0.009769833073868452, 0.018296352943329684, 0.009769833073868452], [0.5962838246642247, 0.311843834109752, 0.009803820564711293, 0.009803820564711293, 0.062460879531889446, 0.009803820564711293], [0.5798435259852487, 0.3420135918984238, 0.009821074398546003, 0.009821074398546003, 0.04867965892068939, 0.009821074398546003], [0.5293713931526545, 0.4026042966762942, 0.009866954863904572, 0.013509162286154253, 0.03478123815708798, 0.009866954863904572], [0.11618942199425539, 0.37435815613834944, 0.009871946631262203, 0.02887764579343366, 0.4608308828114372, 0.009871946631262203], [0.6379708216658323, 0.2680656998175313, 0.009851682235029142, 0.019573814373886098, 0.05468629967269196, 0.009851682235029142], [0.037319485697077937, 0.3681701638788676, 0.00985437381745547, 0.012634098765620811, 0.5621675040235227, 0.00985437381745547], [0.5766724889440049, 0.3574298674353722, 0.00978831332997365, 0.00978831332997365, 0.03653270363070196, 0.00978831332997365], [0.74381824863825, 0.16569993492025845, 0.05568993158531193, 0.00985606865966858, 0.015079747536842374, 0.00985606865966858], [0.9523807278676467, 0.00952385442647066, 0.00952385442647066, 0.00952385442647066, 0.00952385442647066, 0.00952385442647066]], [[0.9523807278676467, 0.00952385442647066, 0.00952385442647066, 0.00952385442647066, 0.00952385442647066, 0.00952385442647066], [0.6468334187638258, 0.19589228245236973, 0.08056936206774576, 0.020143961502615743, 0.04663708974699519, 0.00992388546644765], [0.6242150793843548, 0.31364040507251634, 0.00986808396683478, 0.011613676916965271, 0.030794670692493996, 0.00986808396683478], [0.5640554536972331, 0.3356884864042328, 0.009873697038891202, 0.021154250201926496, 0.059354415618825276, 0.009873697038891202], [0.5540294845710398, 0.3269224247077918, 0.009855107653247215, 0.029489377704319378, 0.06984849771035452, 0.009855107653247215], [0.5342132745667895, 0.39581583897943723, 0.009802721321057731, 0.009802721321057731, 0.04056272249060005, 0.009802721321057731], [0.04167649698835988, 0.38150029696586746, 0.009853958241813334, 0.056253905151062523, 0.5008613844110834, 0.009853958241813334], [0.49236655897697756, 0.41653043170953, 0.009800078296351728, 0.009800078296351728, 0.06170277442443723, 0.009800078296351728], [0.5224834055486318, 0.3916781765821058, 0.00984705833365135, 0.011894427577976931, 0.05424987362398275, 0.00984705833365135], [0.528638379852386, 0.3848071409255332, 0.009851032008346586, 0.02668799990879245, 0.040164415296595, 0.009851032008346586], [0.5977134176030475, 0.329599725490671, 0.009851904055078258, 0.026821621523148036, 0.02616142727297694, 0.009851904055078258], [0.05535155192540433, 0.3905444851581589, 0.009848516409939261, 0.009848516409939261, 0.5245584136866189, 0.009848516409939261], [0.07768208350680221, 0.35409052383363654, 0.009873847048495076, 0.043123805835342366, 0.5053558927272287, 0.009873847048495076], [0.5200757880027553, 0.41724201794287163, 0.00981472549961183, 0.00981472549961183, 0.03323801755553751, 0.00981472549961183], [0.5310308060485529, 0.38684938042910455, 0.009864453024649259, 0.0277798345374424, 0.03461107293560159, 0.009864453024649259], [0.052378014472671375, 0.4679504048983131, 0.009842286337217001, 0.009842286337217001, 0.4501447216173646, 0.009842286337217001], [0.12540275055521385, 0.3742097435083772, 0.009852049678346918, 0.019893216335768356, 0.4607901902439467, 0.009852049678346918], [0.056142218396489904, 0.41849984831279946, 0.009796213891096053, 0.009796213891096053, 0.4959692916174225, 0.009796213891096053], [0.6945549170576782, 0.2530136264977613, 0.00976737898569446, 0.00976737898569446, 0.023129319487476967, 0.00976737898569446], [0.03460272148362502, 0.24880665847430639, 0.009770564659104076, 0.009770564659104076, 0.6872789260647562, 0.009770564659104076], [0.04730004678351347, 0.175490397271268, 0.009766714382969057, 0.009766714382969057, 0.7479094127963114, 0.009766714382969057], [0.8815900913490577, 0.07519170326223493, 0.00975662648743174, 0.00975662648743174, 0.013948325926412266, 0.00975662648743174], [0.871982843604381, 0.08908385054774316, 0.009733326461968944, 0.009733326461968944, 0.009733326461968944, 0.009733326461968944], [0.01544874642861899, 0.1328188648523878, 0.009768494925192323, 0.009768494925192323, 0.8224269039434161, 0.009768494925192323], [0.023083998933878726, 0.08942549042347601, 0.009771566785308794, 0.009771566785308794, 0.8581758102867189, 0.009771566785308794], [0.8454698894253428, 0.11035342481138083, 0.00977303889355825, 0.00977303889355825, 0.014857569082601505, 0.00977303889355825], [0.818518357410365, 0.1375713733599417, 0.009769615682695616, 0.009769615682695616, 0.014601422181606252, 0.009769615682695616], [0.8330747286767254, 0.11591064498776962, 0.009766473535738483, 0.009766473535738483, 0.021715205728289423, 0.009766473535738483], [0.7586523667745628, 0.20238156972158713, 0.00974151587596252, 0.00974151587596252, 0.00974151587596252, 0.00974151587596252], [0.633751120595079, 0.30030872078528664, 0.00976363795453731, 0.00976363795453731, 0.03664924475602244, 0.00976363795453731], [0.6251687313195775, 0.26824307808335346, 0.009830376991030848, 0.02511736104410262, 0.06181007557090478, 0.009830376991030848], [0.6142141266064433, 0.3087901075828036, 0.009836515587334088, 0.011163640604715022, 0.0461590940313701, 0.009836515587334088], [0.47802489783965535, 0.45984194187962185, 0.009798135928800057, 0.009798135928800057, 0.03273875249432266, 0.009798135928800057], [0.5515021364852761, 0.3699268389080655, 0.009823134886016167, 0.009823134886016167, 0.04910161994860981, 0.009823134886016167], [0.2674083685499195, 0.4999934234354693, 0.009779470730456577, 0.025775756007187803, 0.18726351054651014, 0.009779470730456577], [0.5712490503836852, 0.34744456796477796, 0.009858192628656578, 0.020200860148865636, 0.0413891362453581, 0.009858192628656578], [0.5671925475503494, 0.3775238825752258, 0.009806537236461584, 0.009806537236461584, 0.02586395816503993, 0.009806537236461584], [0.5310338714198062, 0.39216756883805687, 0.009863772036580388, 0.011535004048340687, 0.045536011620635315, 0.009863772036580388], [0.6283050585640013, 0.21173322867822061, 0.10241998684283696, 0.009860496644299796, 0.037820732626341405, 0.009860496644299796], [0.9523807278676467, 0.00952385442647066, 0.00952385442647066, 0.00952385442647066, 0.00952385442647066, 0.00952385442647066]], [[0.9523807278676467, 0.00952385442647066, 0.00952385442647066, 0.00952385442647066, 0.00952385442647066, 0.00952385442647066], [0.6087482755224259, 0.2067667683246479, 0.13213914348465228, 0.009885298232583849, 0.03257521620310617, 0.009885298232583849], [0.08139407777942609, 0.3179896943135015, 0.009899090766877717, 0.028127023116637735, 0.5526910232566792, 0.009899090766877717], [0.5003949695873708, 0.39161318864219224, 0.00988443081819953, 0.01488097425408225, 0.07334200587995567, 0.00988443081819953], [0.0993292608817707, 0.4343053092411655, 0.009882342724709175, 0.015075257922771182, 0.4315254865048742, 0.009882342724709175], [0.27570520301509277, 0.5125830853444289, 0.00980302722700051, 0.00980302722700051, 0.18230262995947674, 0.00980302722700051], [0.5086455041261925, 0.38395229244083146, 0.009842248710567651, 0.011643813843964814, 0.07607389216787597, 0.009842248710567651], [0.07791772420604265, 0.3881133298941655, 0.009821109552553301, 0.009821109552553301, 0.5045056172421319, 0.009821109552553301], [0.07234250194705613, 0.3962964545942692, 0.0098077121699458, 0.0098077121699458, 0.5019379069488373, 0.0098077121699458], [0.5802352156440773, 0.36259847798680706, 0.009845210858007374, 0.011869660349842987, 0.025606224303257784, 0.009845210858007374], [0.2885708263713465, 0.34410446512004167, 0.009687506399445442, 0.1553827068117092, 0.19256698889801172, 0.009687506399445442], [0.6216585372452508, 0.3285149280539551, 0.009833986570256619, 0.009833986570256619, 0.02032457499002435, 0.009833986570256619], [0.6045799418471224, 0.28517781281250787, 0.009860519745381983, 0.04918763387232867, 0.04133357197727723, 0.009860519745381983], [0.5131940650954098, 0.3549404091530068, 0.009861602320788773, 0.06373267499783292, 0.04840964611217289, 0.009861602320788773], [0.456164146982521, 0.373639878919187, 0.009871027904867598, 0.057273811689129143, 0.09318010659942774, 0.009871027904867598], [0.5127845013503938, 0.3733396895914532, 0.009874603763054931, 0.02146675512943203, 0.07265984640261099, 0.009874603763054931], [0.4839451960221108, 0.4446969097286525, 0.009818407130048785, 0.009818407130048785, 0.0419026728590903, 0.009818407130048785], [0.29396965402697806, 0.5251123200346416, 0.009789314121030497, 0.009789314121030497, 0.15155008357528882, 0.009789314121030497], [0.06929132309081139, 0.30037789435409634, 0.009784199999094724, 0.009784199999094724, 0.600978182557808, 0.009784199999094724], [0.05365498615776453, 0.2156612984345547, 0.009774395911727756, 0.009774395911727756, 0.7013605276724973, 0.009774395911727756], [0.7039101210819442, 0.2448244552284711, 0.009758856134923524, 0.009758856134923524, 0.021988855284814042, 0.009758856134923524], [0.6971662719135103, 0.24475414665001255, 0.009758059276387487, 0.009758059276387487, 0.028805403607314737, 0.009758059276387487], [0.024782688198698107, 0.12300801766474544, 0.009764295894600622, 0.009764295894600622, 0.8229164064527545, 0.009764295894600622], [0.016293260631627456, 0.14901220518567862, 0.009765958366205373, 0.009765958366205373, 0.8053966590840779, 0.009765958366205373], [0.785405947806291, 0.16415626440885744, 0.00975576755562025, 0.00975576755562025, 0.021170485117990915, 0.00975576755562025], [0.7699037255787975, 0.18650835085315065, 0.00975995677810604, 0.00975995677810604, 0.014308053233733723, 0.00975995677810604], [0.8407655711866842, 0.11602215789513139, 0.009757057142372063, 0.009757057142372063, 0.013941099491068165, 0.009757057142372063], [0.7737540489233776, 0.18732291130321765, 0.009730759943351177, 0.009730759943351177, 0.009730759943351177, 0.009730759943351177], [0.04656539448845808, 0.2317285484553366, 0.00977170762226492, 0.00977170762226492, 0.6923909341894106, 0.00977170762226492], [0.018812306438874857, 0.1846532664720348, 0.00977359282599687, 0.00977359282599687, 0.7672136486110996, 0.00977359282599687], [0.6766606234491489, 0.26428401880162045, 0.009767474762842815, 0.009767474762842815, 0.029752933460702194, 0.009767474762842815], [0.0801416302674336, 0.32440816833873015, 0.0097852998389412, 0.0097852998389412, 0.5660943018770125, 0.0097852998389412], [0.07415145018973661, 0.35962331307405315, 0.009800339350327546, 0.009800339350327546, 0.5368242186852276, 0.009800339350327546], [0.5586623794838975, 0.37769407027038393, 0.009844793301305221, 0.011750600443320875, 0.03220336319978733, 0.009844793301305221], [0.5204720021051248, 0.3948134810015693, 0.009804541532029566, 0.009804541532029566, 0.05530089229721716, 0.009804541532029566], [0.4374941847422672, 0.46745914430469404, 0.00985586496453506, 0.01994574703864367, 0.055389193985324964, 0.00985586496453506], [0.0838995907299781, 0.37977843821926327, 0.009839074028806896, 0.009839074028806896, 0.5068047489643379, 0.009839074028806896], [0.08705233465060275, 0.39399738679535623, 0.009882631430301247, 0.012779329434054125, 0.48640568625938435, 0.009882631430301247], [0.048852787724165535, 0.22429130702934902, 0.11721029848058437, 0.013036851891464167, 0.5866851845802842, 0.009923570294152887], [0.9523807278676467, 0.00952385442647066, 0.00952385442647066, 0.00952385442647066, 0.00952385442647066, 0.00952385442647066]], [[0.9523807278676467, 0.00952385442647066, 0.00952385442647066, 0.00952385442647066, 0.00952385442647066, 0.00952385442647066], [0.6730687398465768, 0.21055988155018154, 0.06683952451229247, 0.013563975207309491, 0.026040433127524333, 0.009927445756115517], [0.5271634134061391, 0.37783938464992933, 0.009890375143029193, 0.020206475901766236, 0.05500997575610665, 0.009890375143029193], [0.28890715787574717, 0.506503667935885, 0.009868163810934538, 0.01769033463977387, 0.16716251192672477, 0.009868163810934538], [0.4580478387968637, 0.447184764429196, 0.009876263789579664, 0.028854464428516618, 0.04616040476626422, 0.009876263789579664], [0.46153592875322036, 0.4262179216667785, 0.009864408476729482, 0.04975184158475386, 0.04276549104178841, 0.009864408476729482], [0.5883542956645968, 0.33205176181720386, 0.00985019941195564, 0.01221647184314725, 0.04767707185114067, 0.00985019941195564], [0.556445849320287, 0.3663186029367722, 0.009842974125420194, 0.01873133037209172, 0.038818269120008686, 0.009842974125420194], [0.04565946342733228, 0.31296925102191564, 0.009853316260861066, 0.034290196145514255, 0.5873744568835157, 0.009853316260861066], [0.6316626065914349, 0.28410536220192395, 0.009841620889454897, 0.018628772704894984, 0.04592001672283645, 0.009841620889454897], [0.592313310695703, 0.3064390919245192, 0.009851253545622473, 0.03398316397348877, 0.047561926315043954, 0.009851253545622473], [0.5902434986299568, 0.33944564609308836, 0.009820824032546017, 0.009820824032546017, 0.040848383179316806, 0.009820824032546017], [0.5796616291095669, 0.32490475576351985, 0.009860531700776339, 0.020139324389360252, 0.05557322733600032, 0.009860531700776339], [0.5572049899173396, 0.38517286578800797, 0.009850778193892852, 0.0194353844695197, 0.018485203437347043, 0.009850778193892852], [0.4687238695788503, 0.39144389002659896, 0.009859053484266092, 0.049246836824942256, 0.0708672966010762, 0.009859053484266092], [0.3046629413428329, 0.47763534243510986, 0.009817424691445191, 0.009817424691445191, 0.1882494421477217, 0.009817424691445191], [0.5675241973932769, 0.3545021185007872, 0.009809266565619885, 0.009809266565619885, 0.04854588440907615, 0.009809266565619885], [0.5511015656628484, 0.3794725268473124, 0.009784558097591083, 0.009784558097591083, 0.04007223319706589, 0.009784558097591083], [0.060621253769054445, 0.31349626032092776, 0.00978050740729286, 0.00978050740729286, 0.5965409636881392, 0.00978050740729286], [0.6651390415959477, 0.2611858129256589, 0.009764546002788518, 0.009764546002788518, 0.04438150747002782, 0.009764546002788518], [0.041437009641618755, 0.21559506006484064, 0.009775378237278871, 0.009775378237278871, 0.713641795581704, 0.009775378237278871], [0.024799660368440696, 0.1796442436417608, 0.009769378993154594, 0.009769378993154594, 0.7662479590103346, 0.009769378993154594], [0.7005888637215762, 0.23356035262230904, 0.009764051720820557, 0.009764051720820557, 0.03655862849365301, 0.009764051720820557], [0.7680625425287182, 0.19293591717450617, 0.009750385074193903, 0.009750385074193903, 0.009750385074193903, 0.009750385074193903], [0.6892684486505394, 0.25960675987714177, 0.009760860873947933, 0.009760860873947933, 0.021842208850474977, 0.009760860873947933], [0.7064850810595625, 0.24944120182432658, 0.009762101835788121, 0.009762101835788121, 0.014787411608746557, 0.009762101835788121], [0.047109778794190996, 0.18867748446249225, 0.009763248900148779, 0.009763248900148779, 0.7349229900428703, 0.009763248900148779], [0.7786177843266856, 0.17786742389468377, 0.00975724432172855, 0.00975724432172855, 0.014243058813445057, 0.00975724432172855], [0.6951254458771586, 0.23172963265856622, 0.009766379868019223, 0.009766379868019223, 0.04384578186021743, 0.009766379868019223], [0.033638227951279194, 0.234918670379712, 0.009783328647671683, 0.009783328647671683, 0.7020931157259938, 0.009783328647671683], [0.7307605071785614, 0.20139757634809702, 0.009835295337977341, 0.010802599997314082, 0.03736872580007283, 0.009835295337977341], [0.6995820906082444, 0.24091611811215183, 0.009774936547589864, 0.009774936547589864, 0.03017698163683424, 0.009774936547589864], [0.045060752109717245, 0.33842718241202385, 0.009795612205195918, 0.009795612205195918, 0.5871252288626712, 0.009795612205195918], [0.06601953944342595, 0.2912911293786054, 0.009849496426697017, 0.026893466393559516, 0.5960968719310151, 0.009849496426697017], [0.5056286799162945, 0.40806991339261917, 0.009847453410277783, 0.0119998772936859, 0.05460662257684495, 0.009847453410277783], [0.48332303990097, 0.413792559488482, 0.009859747486568017, 0.03485525935032573, 0.04830964628708639, 0.009859747486568017], [0.4091065322911766, 0.4907935713566525, 0.009825304319806787, 0.009825304319806787, 0.07062398339275049, 0.009825304319806787], [0.5846734636611975, 0.35834078121580665, 0.009878636676954657, 0.012354049229754433, 0.024874432539331998, 0.009878636676954657], [0.6160131153078733, 0.20528748101816674, 0.10247421155948078, 0.019762499589252334, 0.04654193799068164, 0.009920754534545282], [0.9523807278676467, 0.00952385442647066, 0.00952385442647066, 0.00952385442647066, 0.00952385442647066, 0.00952385442647066]], [[0.9523807278676467, 0.00952385442647066, 0.00952385442647066, 0.00952385442647066, 0.00952385442647066, 0.00952385442647066], [0.5924845690201119, 0.2771549186669215, 0.05180862067727193, 0.05022765576182027, 0.01839771964872201, 0.009926516225152475], [0.5102998087017978, 0.3952357231742469, 0.009886944901633906, 0.027263868570958222, 0.04742670974972929, 0.009886944901633906], [0.5459534944262662, 0.36618259533756925, 0.009884119871201478, 0.03459822319054223, 0.03349744730321931, 0.009884119871201478], [0.4938957472589739, 0.3789162866719027, 0.009873219011692724, 0.021150269739532147, 0.08629125830620595, 0.009873219011692724], [0.5167462493599498, 0.38745983690352115, 0.009858600522812695, 0.027352177041637223, 0.04872453564926637, 0.009858600522812695], [0.5650956034032619, 0.36417799044027854, 0.009844673098648612, 0.033375930922842044, 0.017661129036320194, 0.009844673098648612], [0.05920672498496469, 0.30700669785834866, 0.009849996216994412, 0.01943969480425473, 0.5946468899184431, 0.009849996216994412], [0.6137727788662491, 0.31959705375880254, 0.009772446939908619, 0.009772446939908619, 0.03731282655522247, 0.009772446939908619], [0.6723260589676974, 0.27581827698468425, 0.009767019767415716, 0.009767019767415716, 0.022554604745371243, 0.009767019767415716], [0.009523853986246432, 0.009523853986246432, 0.009523853986246432, 0.009523853986246432, 0.009523853986246432, 0.9523807300687678], [0.0383975226753226, 0.27174170736084624, 0.009854079533119607, 0.041548148126819784, 0.6286044627707722, 0.009854079533119607], [0.5227914573020581, 0.3729716561653296, 0.009791572414181934, 0.009791572414181934, 0.0748621692900664, 0.009791572414181934], [0.641873931324611, 0.2786316902160092, 0.009852914631868666, 0.019567317202746015, 0.04022123199289633, 0.009852914631868666], [0.5652197130546293, 0.3363676161313974, 0.00985928871321364, 0.0347133357911519, 0.04398075759639419, 0.00985928871321364], [0.5121574128211741, 0.41278196140054246, 0.00986267891955412, 0.02049866661647687, 0.03483660132269831, 0.00986267891955412], [0.5359478638732074, 0.39251167398514686, 0.009846758603427276, 0.011936049402422676, 0.03991089553236852, 0.009846758603427276], [0.6018662853918713, 0.30518431330716494, 0.009841455788209785, 0.04082765321008744, 0.03243883651445666, 0.009841455788209785], [0.6052465779644947, 0.3127735360794467, 0.009776328116794936, 0.009776328116794936, 0.052650901605673844, 0.009776328116794936], [0.6686669461220435, 0.2786023530744575, 0.00977864963600273, 0.00977864963600273, 0.02339475189549093, 0.00977864963600273], [0.766063065178257, 0.17995141687741337, 0.009765228220747386, 0.009765228220747386, 0.024689833282087435, 0.009765228220747386], [0.7368239042874772, 0.1966047763179307, 0.009774795922903918, 0.009774795922903918, 0.03724693162588042, 0.009774795922903918], [0.6818826644942559, 0.2724696943251239, 0.00977988704253496, 0.00977988704253496, 0.016307980053015307, 0.00977988704253496], [0.6398784084555847, 0.30036904549185917, 0.00977629652089814, 0.00977629652089814, 0.030423656489861655, 0.00977629652089814], [0.06441162943529845, 0.2122739927712969, 0.009775888833190919, 0.009775888833190919, 0.6939867112938319, 0.009775888833190919], [0.7379363023777968, 0.19575687690446517, 0.009762375375644936, 0.009762375375644936, 0.03701969459080327, 0.009762375375644936], [0.05622545682919795, 0.2831242102670503, 0.009761409339215653, 0.009761409339215653, 0.6313661048861047, 0.009761409339215653], [0.027616439466501302, 0.27667981682482495, 0.009830884627229686, 0.010704871083674669, 0.6653371033705398, 0.009830884627229686], [0.666001529166435, 0.266735257733253, 0.009830289264462683, 0.010442886384382618, 0.037159748187004016, 0.009830289264462683], [0.6853757818955817, 0.2551168443559969, 0.009772155098126338, 0.009772155098126338, 0.030190908454042494, 0.009772155098126338], [0.6889716504574909, 