{"round_id": "597e60cf-d1a1-4627-ac4d-2a61da68b6df", "predictions": {"0": [[[0.9523807278676467, 0.00952385442647066, 0.00952385442647066, 0.00952385442647066, 0.00952385442647066, 0.00952385442647066], [0.9523807278676467, 0.00952385442647066, 0.00952385442647066, 0.00952385442647066, 0.00952385442647066, 0.00952385442647066], [0.9523807278676467, 0.00952385442647066, 0.00952385442647066, 0.00952385442647066, 0.00952385442647066, 0.00952385442647066], [0.9523807278676467, 0.00952385442647066, 0.00952385442647066, 0.00952385442647066, 0.00952385442647066, 0.00952385442647066], [0.9523807278676467, 0.00952385442647066, 0.00952385442647066, 0.00952385442647066, 0.00952385442647066, 0.00952385442647066], [0.9523807278676467, 0.00952385442647066, 0.00952385442647066, 0.00952385442647066, 0.00952385442647066, 0.00952385442647066], [0.9523807278676467, 0.00952385442647066, 0.00952385442647066, 0.00952385442647066, 0.00952385442647066, 0.00952385442647066], [0.9523807278676467, 0.00952385442647066, 0.00952385442647066, 0.00952385442647066, 0.00952385442647066, 0.00952385442647066], [0.9523807278676467, 0.00952385442647066, 0.00952385442647066, 0.00952385442647066, 0.00952385442647066, 0.00952385442647066], [0.9523807278676467, 0.00952385442647066, 0.00952385442647066, 0.00952385442647066, 0.00952385442647066, 0.00952385442647066], [0.9523807278676467, 0.00952385442647066, 0.00952385442647066, 0.00952385442647066, 0.00952385442647066, 0.00952385442647066], [0.9523807278676467, 0.00952385442647066, 0.00952385442647066, 0.00952385442647066, 0.00952385442647066, 0.00952385442647066], [0.9523807278676467, 0.00952385442647066, 0.00952385442647066, 0.00952385442647066, 0.00952385442647066, 0.00952385442647066], [0.9523807278676467, 0.00952385442647066, 0.00952385442647066, 0.00952385442647066, 0.00952385442647066, 0.00952385442647066], [0.9523807278676467, 0.00952385442647066, 0.00952385442647066, 0.00952385442647066, 0.00952385442647066, 0.00952385442647066], [0.9523807278676467, 0.00952385442647066, 0.00952385442647066, 0.00952385442647066, 0.00952385442647066, 0.00952385442647066], [0.9523807278676467, 0.00952385442647066, 0.00952385442647066, 0.00952385442647066, 0.00952385442647066, 0.00952385442647066], [0.9523807278676467, 0.00952385442647066, 0.00952385442647066, 0.00952385442647066, 0.00952385442647066, 0.00952385442647066], [0.9523807278676467, 0.00952385442647066, 0.00952385442647066, 0.00952385442647066, 0.00952385442647066, 0.00952385442647066], [0.9523807278676467, 0.00952385442647066, 0.00952385442647066, 0.00952385442647066, 0.00952385442647066, 0.00952385442647066], [0.9523807278676467, 0.00952385442647066, 0.00952385442647066, 0.00952385442647066, 0.00952385442647066, 0.00952385442647066], [0.9523807278676467, 0.00952385442647066, 0.00952385442647066, 0.00952385442647066, 0.00952385442647066, 0.00952385442647066], [0.9523807278676467, 0.00952385442647066, 0.00952385442647066, 0.00952385442647066, 0.00952385442647066, 0.00952385442647066], [0.9523807278676467, 0.00952385442647066, 0.00952385442647066, 0.00952385442647066, 0.00952385442647066, 0.00952385442647066], [0.9523807278676467, 0.00952385442647066, 0.00952385442647066, 0.00952385442647066, 0.00952385442647066, 0.00952385442647066], [0.9523807278676467, 0.00952385442647066, 0.00952385442647066, 0.00952385442647066, 0.00952385442647066, 0.00952385442647066], [0.9523807278676467, 0.00952385442647066, 0.00952385442647066, 0.00952385442647066, 0.00952385442647066, 0.00952385442647066], [0.9523807278676467, 0.00952385442647066, 0.00952385442647066, 0.00952385442647066, 0.00952385442647066, 0.00952385442647066], [0.9523807278676467, 0.00952385442647066, 0.00952385442647066, 0.00952385442647066, 0.00952385442647066, 0.00952385442647066], [0.9523807278676467, 0.00952385442647066, 0.00952385442647066, 0.00952385442647066, 0.00952385442647066, 0.00952385442647066], [0.9523807278676467, 0.00952385442647066, 0.00952385442647066, 0.00952385442647066, 0.00952385442647066, 0.00952385442647066], [0.9523807278676467, 0.00952385442647066, 0.00952385442647066, 0.00952385442647066, 0.00952385442647066, 0.00952385442647066], [0.9523807278676467, 0.00952385442647066, 0.00952385442647066, 0.00952385442647066, 0.00952385442647066, 0.00952385442647066], [0.9523807278676467, 0.00952385442647066, 0.00952385442647066, 0.00952385442647066, 0.00952385442647066, 0.00952385442647066], [0.9523807278676467, 0.00952385442647066, 0.00952385442647066, 0.00952385442647066, 0.00952385442647066, 0.00952385442647066], [0.9523807278676467, 0.00952385442647066, 0.00952385442647066, 0.00952385442647066, 0.00952385442647066, 0.00952385442647066], [0.9523807278676467, 0.00952385442647066, 0.00952385442647066, 0.00952385442647066, 0.00952385442647066, 0.00952385442647066], [0.9523807278676467, 0.00952385442647066, 0.00952385442647066, 0.00952385442647066, 0.00952385442647066, 0.00952385442647066], [0.9523807278676467, 0.00952385442647066, 0.00952385442647066, 0.00952385442647066, 0.00952385442647066, 0.00952385442647066], [0.9523807278676467, 0.00952385442647066, 0.00952385442647066, 0.00952385442647066, 0.00952385442647066, 0.00952385442647066]], [[0.9523807278676467, 0.00952385442647066, 0.00952385442647066, 0.00952385442647066, 0.00952385442647066, 0.00952385442647066], [0.9499085671856821, 0.010868349333373708, 0.009805770870236062, 0.009805770870236062, 0.009805770870236062, 0.009805770870236062], [0.9493394321223547, 0.011398816989479128, 0.00981543772204152, 0.00981543772204152, 0.00981543772204152, 0.00981543772204152], [0.9492884769810421, 0.011483362902529357, 0.009807040029107114, 0.009807040029107114, 0.009807040029107114, 0.009807040029107114], [0.9523807278676467, 0.00952385442647066, 0.00952385442647066, 0.00952385442647066, 0.00952385442647066, 0.00952385442647066], [0.9523807278676467, 0.00952385442647066, 0.00952385442647066, 0.00952385442647066, 0.00952385442647066, 0.00952385442647066], [0.0118681388866565, 0.014076462936670846, 0.009825134525531099, 0.009825134525531099, 0.9445799946000794, 0.009825134525531099], [0.9472376325595081, 0.013749390043661956, 0.009753244349207494, 0.009753244349207494, 0.009753244349207494, 0.009753244349207494], [0.011230148997288629, 0.013625498233116016, 0.009807338551573775, 0.009807338551573775, 0.945722337114874, 0.009807338551573775], [0.9474845381698969, 0.013552972837913518, 0.009740622248047405, 0.009740622248047405, 0.009740622248047405, 0.009740622248047405], [0.9468327955869763, 0.014198544717318143, 0.00974216492392638, 0.00974216492392638, 0.00974216492392638, 0.00974216492392638], [0.010948742392127167, 0.014013367588211537, 0.00979440788306723, 0.00979440788306723, 0.9456546663704597, 0.00979440788306723], [0.010335884309047114, 0.013445933627735378, 0.009790049351478631, 0.009790049351478631, 0.9468480340087816, 0.009790049351478631], [0.9483550694168089, 0.012754655941123249, 0.009722568660516944, 0.009722568660516944, 0.009722568660516944, 0.009722568660516944], [0.9487528341669976, 0.012389215609637818, 0.009714487555841166, 0.009714487555841166, 0.009714487555841166, 0.009714487555841166], [0.01092681778621533, 0.01353592106038834, 0.00978887711514666, 0.00978887711514666, 0.9461706298079563, 0.00978887711514666], [0.9460973604378685, 0.014912364960359725, 0.009747568650442965, 0.009747568650442965, 0.009747568650442965, 0.009747568650442965], [0.9145572792946502, 0.023484319997768243, 0.009825857178599321, 0.032480829171783715, 0.009825857178599321, 0.009825857178599321], [0.9196826129137721, 0.02531747582554482, 0.009836295095796437, 0.025491025973293856, 0.009836295095796437, 0.009836295095796437], [0.9399401400530518, 0.019202326997800855, 0.009850692788932048, 0.01130545458235114, 0.009850692788932048, 0.009850692788932048], [0.9256615170433157, 0.01703769330543138, 0.01911498861155396, 0.018398608869609482, 0.009893596085044774, 0.009893596085044774], [0.9354641161684529, 0.023090745075501386, 0.011942314646879866, 0.009834274703055262, 0.009834274703055262, 0.009834274703055262], [0.9456739716273947, 0.015191887436897592, 0.0097835352339269, 0.0097835352339269, 0.0097835352339269, 0.0097835352339269], [0.9457077781726337, 0.015177202427886942, 0.009778754849869833, 0.009778754849869833, 0.009778754849869833, 0.009778754849869833], [0.9468371413434891, 0.0140702605588707, 0.0097731495244101, 0.0097731495244101, 0.0097731495244101, 0.0097731495244101], [0.01133022322103689, 0.013989447780880074, 0.0098091570018895, 0.0098091570018895, 0.9452528579924145, 0.0098091570018895], [0.9475684721513465, 0.013365976222114008, 0.009766387906634866, 0.009766387906634866, 0.009766387906634866, 0.009766387906634866], [0.9472951227193499, 0.013717254407513679, 0.009746905718284125, 0.009746905718284125, 0.009746905718284125, 0.009746905718284125], [0.9477891035530754, 0.013189595122183956, 0.00975532533118515, 0.00975532533118515, 0.00975532533118515, 0.00975532533118515], [0.9470527596658542, 0.013902929964081883, 0.009761077592515967, 0.009761077592515967, 0.009761077592515967, 0.009761077592515967], [0.9461288898198106, 0.01474591254426806, 0.009781299408980348, 0.009781299408980348, 0.009781299408980348, 0.009781299408980348], [0.9448060248438197, 0.016067155939889687, 0.009781704804072639, 0.009781704804072639, 0.009781704804072639, 0.009781704804072639], [0.9362507703883126, 0.018408855683650617, 0.009825564972009615, 0.009825564972009615, 0.01586367901200797, 0.009825564972009615], [0.9422314331771618, 0.018475839291249754, 0.009823181882897117, 0.009823181882897117, 0.009823181882897117, 0.009823181882897117], [0.9411305118224663, 0.019579891107811147, 0.009822399267430617, 0.009822399267430617, 0.009822399267430617, 0.009822399267430617], [0.9391802110878764, 0.02152094364260194, 0.009824711317380426, 0.009824711317380426, 0.009824711317380426, 0.009824711317380426], [0.9523807278676467, 0.00952385442647066, 0.00952385442647066, 0.00952385442647066, 0.00952385442647066, 0.00952385442647066], [0.023387359239438712, 0.017096002629982256, 0.00982417246314235, 0.00982417246314235, 0.9300441207411518, 0.00982417246314235], [0.012691507069379998, 0.015565398910116228, 0.009834332936468073, 0.009834332936468073, 0.9422400952110996, 0.009834332936468073], [0.9523807278676467, 0.00952385442647066, 0.00952385442647066, 0.00952385442647066, 0.00952385442647066, 0.00952385442647066]], [[0.9523807278676467, 0.00952385442647066, 0.00952385442647066, 0.00952385442647066, 0.00952385442647066, 0.00952385442647066], [0.9494701706385686, 0.01130804546485504, 0.009805445974144107, 0.009805445974144107, 0.009805445974144107, 0.009805445974144107], [0.9492008029567609, 0.011598842061362665, 0.009800088745469128, 0.009800088745469128, 0.009800088745469128, 0.009800088745469128], [0.9491885142239577, 0.011658720969423228, 0.009788191201654774, 0.009788191201654774, 0.009788191201654774, 0.009788191201654774], [0.9481718843057522, 0.012700369291038835, 0.009781936600802255, 0.009781936600802255, 0.009781936600802255, 0.009781936600802255], [0.9523807278676467, 0.00952385442647066, 0.00952385442647066, 0.00952385442647066, 0.00952385442647066, 0.00952385442647066], [0.9523807278676467, 0.00952385442647066, 0.00952385442647066, 0.00952385442647066, 0.00952385442647066, 0.00952385442647066], [0.012220068005971037, 0.015389181250030439, 0.009798301821945332, 0.009798301821945332, 0.9429958452781626, 0.009798301821945332], [0.9465358780539922, 0.014543576855385858, 0.00973013627265552, 0.00973013627265552, 0.00973013627265552, 0.00973013627265552], [0.946432075411415, 0.014654777334343512, 0.009728286813560348, 0.009728286813560348, 0.009728286813560348, 0.009728286813560348], [0.945595665987965, 0.015452279718211408, 0.009738013573455925, 0.009738013573455925, 0.009738013573455925, 0.009738013573455925], [0.946377070358583, 0.014696167648861889, 0.00973169049813879, 0.00973169049813879, 0.00973169049813879, 0.00973169049813879], [0.9469894473327266, 0.014105418070259834, 0.009726283649253395, 0.009726283649253395, 0.009726283649253395, 0.009726283649253395], [0.9474791383956586, 0.013689843159635038, 0.009707754611176627, 0.009707754611176627, 0.009707754611176627, 0.009707754611176627], [0.009824995967663135, 0.013168389065758405, 0.009761638910009128, 0.009761638910009128, 0.947721698236551, 0.009761638910009128], [0.946568033960568, 0.014573908720961596, 0.00971451432961762, 0.00971451432961762, 0.00971451432961762, 0.00971451432961762], [0.9302900444494716, 0.030784516508698442, 0.009731359760457489, 0.009731359760457489, 0.009731359760457489, 0.009731359760457489], [0.9132284503784568, 0.04746665863812957, 0.009804463132550314, 0.009891501585762645, 0.009804463132550314, 0.009804463132550314], [0.0267149013563016, 0.03685303152502569, 0.00985998557902504, 0.02591466134006309, 0.8907974346205596, 0.00985998557902504], [0.02537267998987879, 0.024815788637869846, 0.009803793350957117, 0.009803793350957117, 0.9204001513193799, 0.009803793350957117], [0.01673343216293576, 0.02870422094327377, 0.009863712530239216, 0.04068125211538981, 0.8941536697179222, 0.009863712530239216], [0.9213742424062357, 0.039628186955568453, 0.009749392659548974, 0.009749392659548974, 0.009749392659548974, 0.009749392659548974], [0.9291760087843959, 0.0238250588689404, 0.009820611194570464, 0.017537098762952317, 0.009820611194570464, 0.009820611194570464], [0.9441930407203002, 0.016807112887350803, 0.009749961598087234, 0.009749961598087234, 0.009749961598087234, 0.009749961598087234], [0.9458049754431688, 0.015170100147985177, 0.009756231102211509, 0.009756231102211509, 0.009756231102211509, 0.009756231102211509], [0.011967022790637709, 0.015184540442591925, 0.009791747571272581, 0.009791747571272581, 0.9434731940529525, 0.009791747571272581], [0.94677278653919, 0.014275289524433861, 0.009737980984094065, 0.009737980984094065, 0.009737980984094065, 0.009737980984094065], [0.011486662131040359, 0.01469487102810828, 0.009778359349589016, 0.009778359349589016, 0.9444833887920843, 0.009778359349589016], [0.9474245314250611, 0.013703339178307818, 0.009718032349157744, 0.009718032349157744, 0.009718032349157744, 0.009718032349157744], [0.011197708865306206, 0.015087385297437717, 0.00977602250968271, 0.00977602250968271, 0.9443868383082079, 0.00977602250968271], [0.9454179867839986, 0.015645636998113714, 0.009734094054471929, 0.009734094054471929, 0.009734094054471929, 0.009734094054471929], [0.9440254177862255, 0.016969155353110964, 0.009751356715165901, 0.009751356715165901, 0.009751356715165901, 0.009751356715165901], [0.9408820345998862, 0.020030607803642943, 0.009771839399117719, 0.009771839399117719, 0.009771839399117719, 0.009771839399117719], [0.940584977440629, 0.02028127113387474, 0.009783437856374103, 0.009783437856374103, 0.009783437856374103, 0.009783437856374103], [0.9387845431019458, 0.022025005432764415, 0.00979761286632243, 0.00979761286632243, 0.00979761286632243, 0.00979761286632243], [0.5664311667788995, 0.05643228110438844, 0.009857568037812065, 0.02138783559291044, 0.3360335804481775, 0.009857568037812065], [0.940085443042376, 0.020765636119656164, 0.009787230209491994, 0.009787230209491994, 0.009787230209491994, 0.009787230209491994], [0.9523807278676467, 0.00952385442647066, 0.00952385442647066, 0.00952385442647066, 0.00952385442647066, 0.00952385442647066], [0.9446590664994898, 0.01615351662007301, 0.009796854220109275, 0.009796854220109275, 0.009796854220109275, 0.009796854220109275], [0.9523807278676467, 0.00952385442647066, 0.00952385442647066, 0.00952385442647066, 0.00952385442647066, 0.00952385442647066]], [[0.9523807278676467, 0.00952385442647066, 0.00952385442647066, 0.00952385442647066, 0.00952385442647066, 0.00952385442647066], [0.9488352340607078, 0.011952084301311876, 0.009803170409495087, 0.009803170409495087, 0.009803170409495087, 0.009803170409495087], [0.9484878497702843, 0.012362708305367282, 0.009787360481087111, 0.009787360481087111, 0.009787360481087111, 0.009787360481087111], [0.94830043653934, 0.012627275075750123, 0.009768072096227464, 0.009768072096227464, 0.009768072096227464, 0.009768072096227464], [0.9472070208152782, 0.0137502254116852, 0.009760688443259157, 0.009760688443259157, 0.009760688443259157, 0.009760688443259157], [0.9455808970530967, 0.015370110110302801, 0.009762248209150117, 0.009762248209150117, 0.009762248209150117, 0.009762248209150117], [0.9439333020085138, 0.017033448989003736, 0.009758312250620646, 0.009758312250620646, 0.009758312250620646, 0.009758312250620646], [0.9523807278676467, 0.00952385442647066, 0.00952385442647066, 0.00952385442647066, 0.00952385442647066, 0.00952385442647066], [0.9442595686391642, 0.016757880118895833, 0.00974563781048502, 0.00974563781048502, 0.00974563781048502, 0.00974563781048502], [0.013669895634011327, 0.0179650461136786, 0.009784148615963672, 0.009784148615963672, 0.9390126124044191, 0.009784148615963672], [0.9436506259958696, 0.01744109387124953, 0.009727070033220193, 0.009727070033220193, 0.009727070033220193, 0.009727070033220193], [0.021912718135699633, 0.016707934579803362, 0.009774719094710078, 0.009774719094710078, 0.9320551900003669, 0.009774719094710078], [0.015399681786799787, 0.021831326262261756, 0.009784592709535375, 0.009784592709535375, 0.9334152138223323, 0.009784592709535375], [0.9406151496205644, 0.02044583794193646, 0.009734753109374819, 0.009734753109374819, 0.009734753109374819, 0.009734753109374819], [0.9419772190720214, 0.019098455452716937, 0.009731081368815423, 0.009731081368815423, 0.009731081368815423, 0.009731081368815423], [0.016368003750124736, 0.029843722337046606, 0.009783332248648425, 0.009783332248648425, 0.9244382771668834, 0.009783332248648425], [0.018643134357168134, 0.026295928339221605, 0.009845662758591132, 0.011633219512389052, 0.9237363922740389, 0.009845662758591132], [0.028224163028484316, 0.03714091764397259, 0.009793008919547696, 0.009793008919547696, 0.9052558925689, 0.009793008919547696], [0.8931102665628832, 0.0554917287212516, 0.009854516298770957, 0.019769054932079682, 0.011919917186243726, 0.009854516298770957], [0.17995904801487353, 0.696230238477359, 0.009853090974368489, 0.022373543573407276, 0.08173098798562306, 0.009853090974368489], [0.909734393974865, 0.04631545334068381, 0.009857725799461772, 0.012544055850887218, 0.01169064523464039, 0.009857725799461772], [0.029163774408316138, 0.028922195377922583, 0.009815111178937389, 0.009815111178937389, 0.912468696676949, 0.009815111178937389], [0.9175654844747929, 0.03317081518566414, 0.009853879809064962, 0.01923575508201732, 0.010320185639395624, 0.009853879809064962], [0.030471015109076547, 0.034480324760929194, 0.009857765929368907, 0.012490175585590783, 0.9028429526856657, 0.009857765929368907], [0.9366878430653749, 0.02388574025306398, 0.00980765273587007, 0.00980765273587007, 0.010003458473950975, 0.00980765273587007], [0.9320196646155557, 0.02236845809191703, 0.009795264905214408, 0.009795264905214408, 0.016226082576883846, 0.009795264905214408], [0.9390339181174213, 0.021851855378064017, 0.00977855662612866, 0.00977855662612866, 0.00977855662612866, 0.00977855662612866], [0.9390114779224565, 0.022020820290949476, 0.009741925446648491, 0.009741925446648491, 0.009741925446648491, 0.009741925446648491], [0.9397337215652813, 0.021328413390901153, 0.00973446626095438, 0.00973446626095438, 0.00973446626095438, 0.00973446626095438], [0.016128264361697262, 0.023381561493347414, 0.009767508187107959, 0.009767508187107959, 0.9311876495836315, 0.009767508187107959], [0.017067916556762822, 0.024287243849968058, 0.009770914071572231, 0.009770914071572231, 0.9293320973785524, 0.009770914071572231], [0.9361425472735186, 0.024827417860302313, 0.009757508716544775, 0.009757508716544775, 0.009757508716544775, 0.009757508716544775], [0.9308290553545967, 0.02973213869245881, 0.00978843388777972, 0.00978843388777972, 0.010073504289605214, 0.00978843388777972], [0.02127724738334121, 0.028690945457885187, 0.009806130649632759, 0.009806130649632759, 0.9206134152098754, 0.009806130649632759], [0.015621387135375942, 0.022525686116141485, 0.009777992524154042, 0.009777992524154042, 0.9325189491760205, 0.009777992524154042], [0.016248790448505964, 0.024141179847913495, 0.009771276867582229, 0.009771276867582229, 0.9302961991008337, 0.009771276867582229], [0.013916985339144273, 0.019857907554921388, 0.009768117660634588, 0.009768117660634588, 0.9369207541240305, 0.009768117660634588], [0.944243033125011, 0.016776095340022716, 0.00974521788374158, 0.00974521788374158, 0.00974521788374158, 0.00974521788374158], [0.9523807278676467, 0.00952385442647066, 0.00952385442647066, 0.00952385442647066, 0.00952385442647066, 0.00952385442647066], [0.9523807278676467, 0.00952385442647066, 0.00952385442647066, 0.00952385442647066, 0.00952385442647066, 0.00952385442647066]], [[0.9523807278676467, 0.00952385442647066, 0.00952385442647066, 0.00952385442647066, 0.00952385442647066, 0.00952385442647066], [0.9481922740469545, 0.012635133881710173, 0.009793148017833824, 0.009793148017833824, 0.009793148017833824, 0.009793148017833824], [0.9478868291990304, 0.012985657044406877, 0.009781878439140692, 0.009781878439140692, 0.009781878439140692, 0.009781878439140692], [0.9466075713108286, 0.013339320130595442, 0.009823939195535104, 0.010581290971970605, 0.009823939195535104, 0.009823939195535104], [0.9465948516458393, 0.014403001925097364, 0.00975053660726586, 0.00975053660726586, 0.00975053660726586, 0.00975053660726586], [0.9446891520447213, 0.016292938315630504, 0.00975447740991205, 0.00975447740991205, 0.00975447740991205, 0.00975447740991205], [0.02198881811487721, 0.019999138888852568, 0.00980526399453233, 0.00980526399453233, 0.9285962510126732, 0.00980526399453233], [0.015320181578288045, 0.01967919614567433, 0.009817256630874585, 0.009817256630874585, 0.9355488523834139, 0.009817256630874585], [0.9523807278676467, 0.00952385442647066, 0.00952385442647066, 0.00952385442647066, 0.00952385442647066, 0.00952385442647066], [0.9523807278676467, 0.00952385442647066, 0.00952385442647066, 0.00952385442647066, 0.00952385442647066, 0.00952385442647066], [0.9405899806474968, 0.020299884495525302, 0.009777533714244488, 0.009777533714244488, 0.009777533714244488, 0.009777533714244488], [0.9431030771716563, 0.01797331123241324, 0.009730902898982626, 0.009730902898982626, 0.009730902898982626, 0.009730902898982626], [0.01684569354936874, 0.02354727069732986, 0.009791248493874607, 0.009791248493874607, 0.9302332902716774, 0.009791248493874607], [0.939273523463292, 0.021765500739434892, 0.009740243949318307, 0.009740243949318307, 0.009740243949318307, 0.009740243949318307], [0.9421186730203791, 0.01897317265006721, 0.00972703858238843, 0.00972703858238843, 0.00972703858238843, 0.00972703858238843], [0.015810814937318434, 0.021678414776934964, 0.00977689053774298, 0.00977689053774298, 0.9331800986725177, 0.00977689053774298], [0.9217409606105254, 0.0392005122263075, 0.009764631790791829, 0.009764631790791829, 0.009764631790791829, 0.009764631790791829], [0.020789347051362712, 0.04331047209531864, 0.009795231996957613, 0.009795231996957613, 0.9065144848624458, 0.009795231996957613], [0.9197486098174791, 0.03959792408427756, 0.009799914956142262, 0.009799914956142262, 0.011253721229816374, 0.009799914956142262], [0.9179022685475203, 0.04106074140635618, 0.009803063012064146, 0.009803063012064146, 0.011627801009931013, 0.009803063012064146], [0.8868530352918851, 0.06570399354712043, 0.009800724169222232, 0.009800724169222232, 0.0180407986533279, 0.009800724169222232], [0.031027294993461862, 0.04271369739721428, 0.00985150385920622, 0.012099726595933632, 0.8944562732949778, 0.00985150385920622], [0.9152441072755219, 0.042828033059619706, 0.009849566730051237, 0.011789385638033981, 0.010439340566721944, 0.009849566730051237], [0.023212530761125925, 0.030815863849259096, 0.009816127215190066, 0.009816127215190066, 0.9165232237440448, 0.009816127215190066], [0.9342826576847365, 0.02596283075273742, 0.009806000786511195, 0.009806000786511195, 0.01033650920299248, 0.009806000786511195], [0.928794821040615, 0.03201306310514758, 0.009798028963559368, 0.009798028963559368, 0.009798028963559368, 0.009798028963559368], [0.9373255566372302, 0.023562303762951077, 0.009778034899954697, 0.009778034899954697, 0.009778034899954697, 0.009778034899954697], [0.9293896981408492, 0.02412673794285298, 0.009764161855155589, 0.009764161855155589, 0.017191078350831064, 0.009764161855155589], [0.02311078420567562, 0.02387586876884914, 0.009759099143317846, 0.009759099143317846, 0.9237360495955217, 0.009759099143317846], [0.9365121773147174, 0.024612064264986067, 0.009718939605074148, 0.009718939605074148, 0.009718939605074148, 0.009718939605074148], [0.02501318464594342, 0.03471382796699211, 0.0097613775214084, 0.0097613775214084, 0.9109888548228393, 0.0097613775214084], [0.028072929990034072, 0.029852011703950534, 0.009785372769855917, 0.009785372769855917, 0.9127189399964475, 0.009785372769855917], [0.5742036913663529, 0.06476578562336317, 0.009835456285762309, 0.02751849689650169, 0.3138411135422578, 0.009835456285762309], [0.9308160738981179, 0.02966328158830642, 0.009792216771810858, 0.009792216771810858, 0.010143994198143193, 0.009792216771810858], [0.03512532908525257, 0.029174582229679516, 0.009795737534063641, 0.009795737534063641, 0.9063128760828769, 0.009795737534063641], [0.941157386292469, 0.019954557267713, 0.009722014109954472, 0.009722014109954472, 0.009722014109954472, 0.009722014109954472], [0.9439661952016574, 0.017168956014325353, 0.00971621219600433, 0.00971621219600433, 0.00971621219600433, 0.00971621219600433], [0.9453706105717441, 0.01567015756008987, 0.009739807967041486, 0.009739807967041486, 0.009739807967041486, 0.009739807967041486], [0.9461013525730051, 0.01479851754900318, 0.009775032469497937, 0.009775032469497937, 0.009775032469497937, 0.009775032469497937], [0.9523807278676467, 0.00952385442647066, 0.00952385442647066, 0.00952385442647066, 0.00952385442647066, 0.00952385442647066]], [[0.9523807278676467, 0.00952385442647066, 0.00952385442647066, 0.00952385442647066, 0.00952385442647066, 0.00952385442647066], [0.01124782514932212, 0.013687988893968819, 0.0098163858941367, 0.0098163858941367, 0.945615028274299, 0.0098163858941367], [0.9468265094750262, 0.014154604372178426, 0.009754721538198848, 0.009754721538198848, 0.009754721538198848, 0.009754721538198848], [0.9402309154399366, 0.020646994629357412, 0.009780522482676461, 0.009780522482676461, 0.009780522482676461, 0.009780522482676461], [0.023600864382171172, 0.029652819308770374, 0.009797410504116243, 0.009797410504116243, 0.9173540847967097, 0.009797410504116243], [0.9426149288488761, 0.018393111408408637, 0.009747989935678826, 0.009747989935678826, 0.009747989935678826, 0.009747989935678826], [0.017337227959929067, 0.023347925743586156, 0.00982315844026562, 0.00982315844026562, 0.9298453709756879, 0.00982315844026562], [0.9392914215172462, 0.021533066494654345, 0.00979387799702487, 0.00979387799702487, 0.00979387799702487, 0.00979387799702487], [0.9523807278676467, 0.00952385442647066, 0.00952385442647066, 0.00952385442647066, 0.00952385442647066, 0.00952385442647066], [0.9384662434638619, 0.022274281358637828, 0.009814868794375082, 0.009814868794375082, 0.009814868794375082, 0.009814868794375082], [0.5816123626529368, 0.048685554452282016, 0.009847349876545272, 0.020714134237855043, 0.3292932489038356, 0.009847349876545272], [0.01613025622889712, 0.022622105237659746, 0.009782429571838171, 0.009782429571838171, 0.9319003498179287, 0.009782429571838171], [0.9340519182823749, 0.02687755710988812, 0.009767631151934252, 0.009767631151934252, 0.009767631151934252, 0.009767631151934252], [0.936181922075522, 0.02484032416836287, 0.00974443843902881, 0.00974443843902881, 0.00974443843902881, 0.00974443843902881], [0.9398899392433334, 0.021195629543320126, 0.009728607803336618, 0.009728607803336618, 0.009728607803336618, 0.009728607803336618], [0.9380735281747825, 0.022940503262398958, 0.00974649214070466, 0.00974649214070466, 0.00974649214070466, 0.00974649214070466], [0.9351860428478459, 0.02566151801985725, 0.00978810978307421, 0.00978810978307421, 0.00978810978307421, 0.00978810978307421], [0.9167544629882222, 0.04379830609167107, 0.009791225889192401, 0.009791225889192401, 0.010073553252529748, 0.009791225889192401], [0.17003606063230195, 0.2321818963278691, 0.009844974204546528, 0.47464707610641793, 0.10344501852431784, 0.009844974204546528], [0.02553085933150902, 0.04883263039456777, 0.009858724635362465, 0.02763111536213748, 0.8782879456410607, 0.009858724635362465], [0.9289047440977284, 0.028855122283688157, 0.009850258243790338, 0.011932139176430429, 0.010607477954572266, 0.009850258243790338], [0.9157216017208277, 0.04331229895897456, 0.009843334450516994, 0.01135790859357969, 0.00992152182558409, 0.009843334450516994], [0.9266490935543624, 0.03222905312802357, 0.009806256548788196, 0.009806256548788196, 0.011703083671249509, 0.009806256548788196], [0.5778237026099022, 0.07133553484521903, 0.009844545564704474, 0.035707641303726285, 0.2954440301117434, 0.009844545564704474], [0.912900928495334, 0.029802505959109837, 0.009806331500881739, 0.009806331500881739, 0.027877571042910845, 0.009806331500881739], [0.0216004571153842, 0.02842875044413836, 0.009813527338734232, 0.009813527338734232, 0.9205302104242746, 0.009813527338734232], [0.9246759067275188, 0.03622207328944461, 0.00977550499575916, 0.00977550499575916, 0.00977550499575916, 0.00977550499575916], [0.9331510385130413, 0.027809957685093287, 0.009759750950466344, 0.009759750950466344, 0.009759750950466344, 0.009759750950466344], [0.016897460915660408, 0.02693751240012241, 0.009756661828618519, 0.009756661828618519, 0.9268950411983617, 0.009756661828618519], [0.017343497551408463, 0.026189804653877647, 0.009761120159015944, 0.009761120159015944, 0.927183337317666, 0.009761120159015944], [0.017584904518442055, 0.03373427542918176, 0.009760596019327867, 0.009760596019327867, 0.9193990319943925, 0.009760596019327867], [0.9247388329516654, 0.02773291278963514, 0.009770544678478712, 0.009770544678478712, 0.018216620223263327, 0.009770544678478712], [0.9213469964354464, 0.030374369513598894, 0.00977441418153456, 0.00977441418153456, 0.018955391506351126, 0.00977441418153456], [0.9240643094396103, 0.03684673835248772, 0.009772238051975518, 0.009772238051975518, 0.009772238051975518, 0.009772238051975518], [0.020242498800676707, 0.028417905078737885, 0.009840711363009732, 0.013712760460336496, 0.9179454129342295, 0.009840711363009732], [0.018518969414820563, 0.026520537046973852, 0.009776907171662947, 0.009776907171662947, 0.9256297720232166, 0.009776907171662947], [0.012176341925765208, 0.017381084125882827, 0.009759180651135645, 0.009759180651135645, 0.9411650319949451, 0.009759180651135645], [0.012160421816738237, 0.015831456560580836, 0.009781158935369256, 0.009781158935369256, 0.9426646448165731, 0.009781158935369256], [0.9469517130256319, 0.014025767584293037, 0.009755629847518802, 0.009755629847518802, 0.009755629847518802, 0.009755629847518802], [0.9523807278676467, 0.00952385442647066, 0.00952385442647066, 0.00952385442647066, 0.00952385442647066, 0.00952385442647066]], [[0.9523807278676467, 0.00952385442647066, 0.00952385442647066, 0.00952385442647066, 0.00952385442647066, 0.00952385442647066], [0.9463860983982831, 0.014598923191617826, 0.009753744602524771, 0.009753744602524771, 0.009753744602524771, 0.009753744602524771], [0.9456749329667691, 0.015330763639090797, 0.009748575848535035, 0.009748575848535035, 0.009748575848535035, 0.009748575848535035], [0.9384063767423942, 0.022492697229468093, 0.00977523150703444, 0.00977523150703444, 0.00977523150703444, 0.00977523150703444], [0.9313854470260182, 0.023472903385209125, 0.009784936311586914, 0.009784936311586914, 0.01578684065401179, 0.009784936311586914], [0.9323385800012445, 0.027768567367051213, 0.009806004379310354, 0.009806004379310354, 0.010474839493773053, 0.009806004379310354], [0.5118108033129379, 0.0807900660574575, 0.009857810402593668, 0.014341107898165433, 0.37334240192625195, 0.009857810402593668], [0.9379315632750093, 0.022762261834854847, 0.009826543722533988, 0.009826543722533988, 0.009826543722533988, 0.009826543722533988], [0.9523807278676467, 0.00952385442647066, 0.00952385442647066, 0.00952385442647066, 0.00952385442647066, 0.00952385442647066], [0.9341905911426399, 0.020546672025475922, 0.009811859656869383, 0.009811859656869383, 0.015827157861275858, 0.009811859656869383], [0.9390810321978416, 0.021803251203299272, 0.00977892914971481, 0.00977892914971481, 0.00977892914971481, 0.00977892914971481], [0.9417295889263262, 0.019341940192033474, 0.009732117720410063, 0.009732117720410063, 0.009732117720410063, 0.009732117720410063], [0.02544812930877883, 0.026548067908561127, 0.009785397120637114, 0.009785397120637114, 0.9186476114207487, 0.009785397120637114], [0.01855590952382355, 0.027457540516920845, 0.009778573581240041, 0.009778573581240041, 0.9246508292155355, 0.009778573581240041], [0.9320331768913847, 0.029020424374428047, 0.009736599683546832, 0.009736599683546832, 0.009736599683546832, 0.009736599683546832], [0.9390911699889813, 0.02185250473910119, 0.009764081317979383, 0.009764081317979383, 0.009764081317979383, 0.009764081317979383], [0.9372567639601681, 0.023592436606733658, 0.009787699858274558, 0.009787699858274558, 0.009787699858274558, 0.009787699858274558], [0.9359999488362072, 0.024853060035040567, 0.009786747782188075, 0.009786747782188075, 0.009786747782188075, 0.009786747782188075], [0.9149040812457023, 0.04335909505300367, 0.009846606240417034, 0.011689841897294006, 0.010353769323165748, 0.009846606240417034], [0.9254860519185515, 0.035091729495074, 0.009791869693065385, 0.009791869693065385, 0.010046609507178292, 0.009791869693065385], [0.9104669007945262, 0.04841130590665476, 0.009846220873015281, 0.01156180071651625, 0.009867550836272257, 0.009846220873015281], [0.932177984724258, 0.028578454766920808, 0.009786467153762407, 0.009786467153762407, 0.009884159047534034, 0.009786467153762407], [0.9264318334763331, 0.03223408078536152, 0.009807989123124578, 0.009807989123124578, 0.011910118368931837, 0.009807989123124578], [0.9205219182761784, 0.03145831302739991, 0.009800730780656382, 0.009800730780656382, 0.018617576354452603, 0.009800730780656382], [0.9332593666269132, 0.027266568372448324, 0.009792044769314147, 0.009792044769314147, 0.010097930692695996, 0.009792044769314147], [0.9330508069623342, 0.027840361798181213, 0.009777207809871132, 0.009777207809871132, 0.009777207809871132, 0.009777207809871132], [0.9322551498196477, 0.02865842084178541, 0.009771607334641687, 0.009771607334641687, 0.009771607334641687, 0.009771607334641687], [0.4872983045527948, 0.05855974714710653, 0.009833010154919329, 0.03446896283728458, 0.4000069651529753, 0.009833010154919329], [0.02034431341660144, 0.02938201937178913, 0.009777508102379295, 0.009777508102379295, 0.9209411429044714, 0.009777508102379295], [0.9341658782412977, 0.0268530873251098, 0.009745258608398137, 0.009745258608398137, 0.009745258608398137, 0.009745258608398137], [0.01997905912379053, 0.02674946780872148, 0.009835676213557323, 0.01328957304953276, 0.9203105475908406, 0.009835676213557323], [0.9241798396768889, 0.03672186448671236, 0.009774573959099659, 0.009774573959099659, 0.009774573959099659, 0.009774573959099659], [0.9339580735127512, 0.026957102714613716, 0.00977120594315876, 0.00977120594315876, 0.00977120594315876, 0.00977120594315876], [0.9273746540818323, 0.024776550125874246, 0.009779412783830179, 0.009779412783830179, 0.01851055744080296, 0.009779412783830179], [0.9341780362057649, 0.0266692472514564, 0.009788179135694687, 0.009788179135694687, 0.009788179135694687, 0.009788179135694687], [0.9368499011152572, 0.024067294357452133, 0.00977070113182267, 0.00977070113182267, 0.00977070113182267, 0.00977070113182267], [0.9393888562340648, 0.021564758787495097, 0.00976159624461003, 0.00976159624461003, 0.00976159624461003, 0.00976159624461003], [0.9465996447656013, 0.014473352767653005, 0.009731750616686394, 0.009731750616686394, 0.009731750616686394, 0.009731750616686394], [0.011686850665519152, 0.013674976600626483, 0.009816749980546574, 0.009816749980546574, 0.9451879227922148, 0.009816749980546574], [0.9523807278676467, 0.00952385442647066, 0.00952385442647066, 0.00952385442647066, 0.00952385442647066, 0.00952385442647066]], [[0.9523807278676467, 0.00952385442647066, 0.00952385442647066, 0.00952385442647066, 0.00952385442647066, 0.00952385442647066], [0.011349452384170206, 0.015417636550333477, 0.009783983117331555, 0.009783983117331555, 0.9438809617135018, 0.009783983117331555], [0.01159089274659354, 0.01643706967481453, 0.009774130393037902, 0.009774130393037902, 0.9426496463994782, 0.009774130393037902], [0.015507202732299372, 0.036699052874811434, 0.009777742243099156, 0.009777742243099156, 0.9184605176635917, 0.009777742243099156], [0.9389300658510564, 0.022085659006631973, 0.009746068785577912, 0.009746068785577912, 0.009746068785577912, 0.009746068785577912], [0.025517337525470578, 0.02464539360924578, 0.009805197964408948, 0.009805197964408948, 0.9204216749720567, 0.009805197964408948], [0.02411880952349916, 0.021751157101310016, 0.009827683072310538, 0.009827683072310538, 0.9246469841582592, 0.009827683072310538], [0.9413081361426744, 0.01945973820888106, 0.009808031412111161, 0.009808031412111161, 0.009808031412111161, 0.009808031412111161], [0.9523807278676467, 0.00952385442647066, 0.00952385442647066, 0.00952385442647066, 0.00952385442647066, 0.00952385442647066], [0.9427725023671245, 0.018146467378017343, 0.009770257563714557, 0.009770257563714557, 0.009770257563714557, 0.009770257563714557], [0.9413947140752617, 0.019600528487585173, 0.009751189359288273, 0.009751189359288273, 0.009751189359288273, 0.009751189359288273], [0.9347057749286913, 0.02621243438134649, 0.009770447672490553, 0.009770447672490553, 0.009770447672490553, 0.009770447672490553], [0.019276957125554623, 0.028240762503446745, 0.009785283725051226, 0.009785283725051226, 0.9231264291958449, 0.009785283725051226], [0.02099670455803678, 0.030222576790730867, 0.009792473952298673, 0.009792473952298673, 0.9194032967943363, 0.009792473952298673], [0.9317649634430236, 0.023312505726307484, 0.009777881594506828, 0.009777881594506828, 0.015588886047148337, 0.009777881594506828], [0.9382579008741443, 0.022625364707284074, 0.009779183604642921, 0.009779183604642921, 0.009779183604642921, 0.009779183604642921], [0.018525800301284513, 0.022893769096280603, 0.009811622491773189, 0.009811622491773189, 0.9291455631271153, 0.009811622491773189], [0.9388003971601335, 0.022107998354376178, 0.009772901121372543, 0.009772901121372543, 0.009772901121372543, 0.009772901121372543], [0.9289497462989953, 0.03192202052048614, 0.00978205829512963, 0.00978205829512963, 0.00978205829512963, 0.00978205829512963], [0.9213740434524799, 0.03947588411996376, 0.009787518106889076, 0.009787518106889076, 0.009787518106889076, 0.009787518106889076], [0.021669214777728846, 0.027978261605755717, 0.009811169907408613, 0.009811169907408613, 0.9209190138942895, 0.009811169907408613], [0.023924116835436597, 0.03121618802815456, 0.00982143371680721, 0.00982143371680721, 0.9153953939859873, 0.00982143371680721], [0.5622710041597622, 0.06133107016423516, 0.009855296391251992, 0.022066468364524416, 0.3346208645289742, 0.009855296391251992], [0.9275044453452279, 0.03130234859429238, 0.009808442276434305, 0.009808442276434305, 0.011767879231176762, 0.009808442276434305], [0.9261728948197401, 0.027457547447946602, 0.009788407541322425, 0.009788407541322425, 0.017004335108346053, 0.009788407541322425], [0.029010093079521945, 0.026255908195732074, 0.009783165559133519, 0.009783165559133519, 0.9153845020473454, 0.009783165559133519], [0.018882361204283753, 0.027020886293573954, 0.009770720907501114, 0.009770720907501114, 0.9247845897796388, 0.009770720907501114], [0.019857685824065694, 0.03769801119891673, 0.009777814118618899, 0.0097778141