{"round_id": "3eb0c25d-28fa-48ca-b8e1-fc249e3918e9", "predictions": {"0": [[[0.9523807278676467, 0.00952385442647066, 0.00952385442647066, 0.00952385442647066, 0.00952385442647066, 0.00952385442647066], [0.9523807278676467, 0.00952385442647066, 0.00952385442647066, 0.00952385442647066, 0.00952385442647066, 0.00952385442647066], [0.9523807278676467, 0.00952385442647066, 0.00952385442647066, 0.00952385442647066, 0.00952385442647066, 0.00952385442647066], [0.9523807278676467, 0.00952385442647066, 0.00952385442647066, 0.00952385442647066, 0.00952385442647066, 0.00952385442647066], [0.9523807278676467, 0.00952385442647066, 0.00952385442647066, 0.00952385442647066, 0.00952385442647066, 0.00952385442647066], [0.9523807278676467, 0.00952385442647066, 0.00952385442647066, 0.00952385442647066, 0.00952385442647066, 0.00952385442647066], [0.9523807278676467, 0.00952385442647066, 0.00952385442647066, 0.00952385442647066, 0.00952385442647066, 0.00952385442647066], [0.9523807278676467, 0.00952385442647066, 0.00952385442647066, 0.00952385442647066, 0.00952385442647066, 0.00952385442647066], [0.9523807278676467, 0.00952385442647066, 0.00952385442647066, 0.00952385442647066, 0.00952385442647066, 0.00952385442647066], [0.9523807278676467, 0.00952385442647066, 0.00952385442647066, 0.00952385442647066, 0.00952385442647066, 0.00952385442647066], [0.9523807278676467, 0.00952385442647066, 0.00952385442647066, 0.00952385442647066, 0.00952385442647066, 0.00952385442647066], [0.9523807278676467, 0.00952385442647066, 0.00952385442647066, 0.00952385442647066, 0.00952385442647066, 0.00952385442647066], [0.9523807278676467, 0.00952385442647066, 0.00952385442647066, 0.00952385442647066, 0.00952385442647066, 0.00952385442647066], [0.9523807278676467, 0.00952385442647066, 0.00952385442647066, 0.00952385442647066, 0.00952385442647066, 0.00952385442647066], [0.9523807278676467, 0.00952385442647066, 0.00952385442647066, 0.00952385442647066, 0.00952385442647066, 0.00952385442647066], [0.9523807278676467, 0.00952385442647066, 0.00952385442647066, 0.00952385442647066, 0.00952385442647066, 0.00952385442647066], [0.9523807278676467, 0.00952385442647066, 0.00952385442647066, 0.00952385442647066, 0.00952385442647066, 0.00952385442647066], [0.9523807278676467, 0.00952385442647066, 0.00952385442647066, 0.00952385442647066, 0.00952385442647066, 0.00952385442647066], [0.9523807278676467, 0.00952385442647066, 0.00952385442647066, 0.00952385442647066, 0.00952385442647066, 0.00952385442647066], [0.9523807278676467, 0.00952385442647066, 0.00952385442647066, 0.00952385442647066, 0.00952385442647066, 0.00952385442647066], [0.9523807278676467, 0.00952385442647066, 0.00952385442647066, 0.00952385442647066, 0.00952385442647066, 0.00952385442647066], [0.9523807278676467, 0.00952385442647066, 0.00952385442647066, 0.00952385442647066, 0.00952385442647066, 0.00952385442647066], [0.9523807278676467, 0.00952385442647066, 0.00952385442647066, 0.00952385442647066, 0.00952385442647066, 0.00952385442647066], [0.9523807278676467, 0.00952385442647066, 0.00952385442647066, 0.00952385442647066, 0.00952385442647066, 0.00952385442647066], [0.9523807278676467, 0.00952385442647066, 0.00952385442647066, 0.00952385442647066, 0.00952385442647066, 0.00952385442647066], [0.9523807278676467, 0.00952385442647066, 0.00952385442647066, 0.00952385442647066, 0.00952385442647066, 0.00952385442647066], [0.9523807278676467, 0.00952385442647066, 0.00952385442647066, 0.00952385442647066, 0.00952385442647066, 0.00952385442647066], [0.9523807278676467, 0.00952385442647066, 0.00952385442647066, 0.00952385442647066, 0.00952385442647066, 0.00952385442647066], [0.9523807278676467, 0.00952385442647066, 0.00952385442647066, 0.00952385442647066, 0.00952385442647066, 0.00952385442647066], [0.9523807278676467, 0.00952385442647066, 0.00952385442647066, 0.00952385442647066, 0.00952385442647066, 0.00952385442647066], [0.9523807278676467, 0.00952385442647066, 0.00952385442647066, 0.00952385442647066, 0.00952385442647066, 0.00952385442647066], [0.9523807278676467, 0.00952385442647066, 0.00952385442647066, 0.00952385442647066, 0.00952385442647066, 0.00952385442647066], [0.9523807278676467, 0.00952385442647066, 0.00952385442647066, 0.00952385442647066, 0.00952385442647066, 0.00952385442647066], [0.9523807278676467, 0.00952385442647066, 0.00952385442647066, 0.00952385442647066, 0.00952385442647066, 0.00952385442647066], [0.9523807278676467, 0.00952385442647066, 0.00952385442647066, 0.00952385442647066, 0.00952385442647066, 0.00952385442647066], [0.9523807278676467, 0.00952385442647066, 0.00952385442647066, 0.00952385442647066, 0.00952385442647066, 0.00952385442647066], [0.9523807278676467, 0.00952385442647066, 0.00952385442647066, 0.00952385442647066, 0.00952385442647066, 0.00952385442647066], [0.9523807278676467, 0.00952385442647066, 0.00952385442647066, 0.00952385442647066, 0.00952385442647066, 0.00952385442647066], [0.9523807278676467, 0.00952385442647066, 0.00952385442647066, 0.00952385442647066, 0.00952385442647066, 0.00952385442647066], [0.9523807278676467, 0.00952385442647066, 0.00952385442647066, 0.00952385442647066, 0.00952385442647066, 0.00952385442647066]], [[0.9523807278676467, 0.00952385442647066, 0.00952385442647066, 0.00952385442647066, 0.00952385442647066, 0.00952385442647066], [0.9348003215747969, 0.02615275688431137, 0.009761730385222924, 0.009761730385222924, 0.009761730385222924, 0.009761730385222924], [0.9262420196591333, 0.034755998036209546, 0.009750495576164295, 0.009750495576164295, 0.009750495576164295, 0.009750495576164295], [0.012122011325181835, 0.028712028408109155, 0.009798417502449518, 0.009798417502449518, 0.9297707077593604, 0.009798417502449518], [0.9523807278676467, 0.00952385442647066, 0.00952385442647066, 0.00952385442647066, 0.00952385442647066, 0.00952385442647066], [0.013279224520035448, 0.03678012946950351, 0.009834518613036566, 0.009834518613036566, 0.9204370901713513, 0.009834518613036566], [0.9214827270473347, 0.03604862026335113, 0.012948393639917483, 0.0098400863497989, 0.0098400863497989, 0.0098400863497989], [0.9122173126840472, 0.048583832192930006, 0.009799713780755713, 0.009799713780755713, 0.009799713780755713, 0.009799713780755713], [0.912094836348561, 0.048735409562082395, 0.00979243852233914, 0.00979243852233914, 0.00979243852233914, 0.00979243852233914], [0.8751402896018645, 0.08570589765369707, 0.009788453186109596, 0.009788453186109596, 0.009788453186109596, 0.009788453186109596], [0.013431443852909845, 0.1033786148370965, 0.012547085278805546, 0.00986417270397207, 0.8509145106232439, 0.00986417270397207], [0.8239426951904464, 0.1185663973162028, 0.02803095459070186, 0.009819984300882935, 0.009819984300882935, 0.009819984300882935], [0.01442351961650218, 0.11334231333651491, 0.033700457626079164, 0.009859594745200933, 0.8188145199305019, 0.009859594745200933], [0.7311173272811861, 0.2006104082978774, 0.036892749653616164, 0.011580305506799187, 0.009899604630260558, 0.009899604630260558], [0.7395618434780188, 0.16320103029996255, 0.05764730813427111, 0.019755133190754816, 0.009917342448496468, 0.009917342448496468], [0.5445765218366989, 0.19995392500704026, 0.15373290012290494, 0.07163072822145397, 0.020178309255674053, 0.009927615556227795], [0.5047402667952892, 0.3067538191535962, 0.1392838697359779, 0.028106585682288514, 0.011187172666641541, 0.009928285966206818], [0.4833955413615452, 0.298971638647289, 0.16068593634506823, 0.03531202450640138, 0.011708423815559076, 0.009926435324137213], [0.02260758434560873, 0.26245030836328115, 0.17510688457045095, 0.06467444486346649, 0.4652343932411746, 0.009926384616018046], [0.433413508267243, 0.28877291586757625, 0.19488012223160397, 0.06306469862828212, 0.00995015287692926, 0.009918602128365542], [0.431693093009339, 0.3548703672584493, 0.18067312150335232, 0.012305196254405213, 0.010538299261832803, 0.009919922712621519], [0.021509725940843886, 0.26549015936297027, 0.12514519521130682, 0.07101901001059781, 0.5069142336643329, 0.009921675809948521], [0.520170890399861, 0.275817751731257, 0.1579692244012468, 0.026223778117310158, 0.009909177675162589, 0.009909177675162589], [0.020926192157531137, 0.2510551101727566, 0.1967770705567117, 0.07893280931451895, 0.4423831675384508, 0.009925650260030837], [0.6287592699081181, 0.25245475780484666, 0.08672509505712839, 0.012225274404741634, 0.009917801412582621, 0.009917801412582621], [0.48018664392432636, 0.3134157544443362, 0.1672752190270667, 0.019297505309718653, 0.009912438647276011, 0.009912438647276011], [0.45747601513020353, 0.2752231586112056, 0.19154873851315682, 0.05593511782037576, 0.009908484962529239, 0.009908484962529239], [0.5772799985779427, 0.2546794466445755, 0.11479346066923761, 0.033441490288744775, 0.009902801909749738, 0.009902801909749738], [0.4983118403520594, 0.33820857842185836, 0.10271204112005271, 0.04095526839834185, 0.009906135853843919, 0.009906135853843919], [0.020126300717356434, 0.2893727761808916, 0.19902556879020247, 0.034209685000491485, 0.4473474783125991, 0.009918190998459005], [0.47799624243835426, 0.30127470881129104, 0.18171945666739023, 0.019187843165638777, 0.009910874458662901, 0.009910874458662901], [0.02149244052434343, 0.24739646758507403, 0.15437616188758738, 0.060041375059581965, 0.5067683941863953, 0.009925160757017876], [0.5502484012478406, 0.2685711005857044, 0.13237942936461347, 0.0279008442214093, 0.010975147435096795, 0.009925077145335684], [0.5192754571905367, 0.32358966924777033, 0.08748601751375977, 0.04953244781254816, 0.010193574844387834, 0.009922833390997237], [0.4467668691930636, 0.33064130321227364, 0.18291674085719534, 0.01983314369359778, 0.009920971521934847, 0.009920971521934847], [0.51986823739341, 0.301318441205408, 0.1462935223776838, 0.012589052219885374, 0.010008503017257508, 0.009922243786355379], [0.02038532349660325, 0.26854310582150775, 0.10999461170870825, 0.02059643160544723, 0.5705559873244788, 0.00992454004325471], [0.5549372565336274, 0.2690877319469238, 0.1052417204499407, 0.04994888994407841, 0.010859765711744258, 0.009924635413685448], [0.5901055872416439, 0.22527925185227796, 0.1544358894384278, 0.009887167431682357, 0.010404936604285674, 0.009887167431682357], [0.9523807278676467, 0.00952385442647066, 0.00952385442647066, 0.00952385442647066, 0.00952385442647066, 0.00952385442647066]], [[0.9523807278676467, 0.00952385442647066, 0.00952385442647066, 0.00952385442647066, 0.00952385442647066, 0.00952385442647066], [0.012226271511322329, 0.029184855485246766, 0.009809120442778709, 0.009809120442778709, 0.9291615116750946, 0.009809120442778709], [0.021674725603285247, 0.02955209431694335, 0.009788940412643873, 0.009788940412643873, 0.9194063588418397, 0.009788940412643873], [0.9317919971266218, 0.029263534025796418, 0.009736117211895445, 0.009736117211895445, 0.009736117211895445, 0.009736117211895445], [0.9523807278676467, 0.00952385442647066, 0.00952385442647066, 0.00952385442647066, 0.00952385442647066, 0.00952385442647066], [0.9523807278676467, 0.00952385442647066, 0.00952385442647066, 0.00952385442647066, 0.00952385442647066, 0.00952385442647066], [0.9096411640364477, 0.051269590707420216, 0.009772311314033012, 0.009772311314033012, 0.009772311314033012, 0.009772311314033012], [0.8971658970056287, 0.06378497388568255, 0.009762282277172182, 0.009762282277172182, 0.009762282277172182, 0.009762282277172182], [0.8606388193983309, 0.09990972489994875, 0.009803835535926226, 0.010039949093941685, 0.009803835535926226, 0.009803835535926226], [0.852971332708189, 0.1077018577029954, 0.00980256434048641, 0.00991911656735631, 0.00980256434048641, 0.00980256434048641], [0.7785476495701754, 0.18259660169102748, 0.009713937184699267, 0.009713937184699267, 0.009713937184699267, 0.009713937184699267], [0.7600665017163847, 0.20105226420560213, 0.009720308519503305, 0.009720308519503305, 0.009720308519503305, 0.009720308519503305], [0.024007129756594928, 0.21592878905351032, 0.00984319525256956, 0.03198456470540201, 0.7083931259793536, 0.00984319525256956], [0.6277841647811655, 0.317942811782232, 0.009850843393032478, 0.017785707044530606, 0.01678562960600687, 0.009850843393032478], [0.6145753889611106, 0.31509826530178336, 0.009863733198861174, 0.04073514614052259, 0.009863733198861174, 0.009863733198861174], [0.44594537082784574, 0.4166368807999688, 0.009889120237220005, 0.10717901259540806, 0.010460495302337253, 0.009889120237220005], [0.38798399271144696, 0.48142263578888855, 0.009883558347811752, 0.09981090664769195, 0.011015348156349032, 0.009883558347811752], [0.08312038323264413, 0.8338525555117413, 0.00984740665888917, 0.014359343075166859, 0.04897290486266949, 0.00984740665888917], [0.034636749046001884, 0.49617025841931833, 0.009872973178692452, 0.06331824268363072, 0.38612880349366424, 0.009872973178692452], [0.02520022400899464, 0.5048077033166468, 0.009867522635798778, 0.0992729014668846, 0.35098412593587636, 0.009867522635798778], [0.0902799690232185, 0.7042153103715083, 0.00970212456727984, 0.14820293874120183, 0.03789753272951168, 0.00970212456727984], [0.35768614555710854, 0.5127684393509235, 0.009858357434001217, 0.09099084327447052, 0.018837856949494976, 0.009858357434001217], [0.44931388742482153, 0.4153164011335575, 0.009859420750047532, 0.10579144919147841, 0.009859420750047532, 0.009859420750047532], [0.3689748468907157, 0.4960069528128799, 0.009852149643882618, 0.10546175136475662, 0.009852149643882618, 0.009852149643882618], [0.02315288694256921, 0.5010661908898282, 0.009876820313787475, 0.08593784713456457, 0.3700894344054632, 0.009876820313787475], [0.35154551135184764, 0.5495433845518978, 0.009839221247633154, 0.06939344035335519, 0.009839221247633154, 0.009839221247633154], [0.36552454521134903, 0.5433406003627163, 0.00982664408788141, 0.06165492216229061, 0.00982664408788141, 0.00982664408788141], [0.030638983791913064, 0.4822806964847824, 0.009857110925349409, 0.06269287336706496, 0.4046732245055407, 0.009857110925349409], [0.022387827087008618, 0.5315227502279903, 0.009865808602112513, 0.055986581116332104, 0.3703712243644439, 0.009865808602112513], [0.0219367281735338, 0.5071120742850775, 0.009864259184653525, 0.041214950153677946, 0.41000772901840365, 0.009864259184653525], [0.4644069361864943, 0.48691401081383207, 0.009863424112123808, 0.019088780663302274, 0.009863424112123808, 0.009863424112123808], [0.023390065335169165, 0.42888530919077594, 0.009893984360160177, 0.08201698296928656, 0.44591967378444786, 0.009893984360160177], [0.07841831512878113, 0.8307620555671474, 0.009863012653583893, 0.02314229755417576, 0.04795130644272794, 0.009863012653583893], [0.46802903949936403, 0.4599013968552073, 0.009881925343143541, 0.04187429957807682, 0.010431413381064767, 0.009881925343143541], [0.021979215648305593, 0.38762613603023094, 0.009897461973627144, 0.0796460559372825, 0.4909536684369268, 0.009897461973627144], [0.4844488542425919, 0.46625140708780277, 0.009877148347323048, 0.019586077497607546, 0.009959364477351717, 0.009877148347323048], [0.022268539771133786, 0.49470995014057795, 0.009857416914832412, 0.009857416914832412, 0.453449259343791, 0.009857416914832412], [0.08532159071184427, 0.8413946335776508, 0.009865541255526985, 0.016108444695712928, 0.03744424850373808, 0.009865541255526985], [0.60457261541965, 0.26413320371387466, 0.09639544055317702, 0.013642630595089592, 0.011328035788054368, 0.009928073930154362], [0.9523807278676467, 0.00952385442647066, 0.00952385442647066, 0.00952385442647066, 0.00952385442647066, 0.00952385442647066]], [[0.9523807278676467, 0.00952385442647066, 0.00952385442647066, 0.00952385442647066, 0.00952385442647066, 0.00952385442647066], [0.01320033979717211, 0.03757216446732136, 0.01489590018914289, 0.00986226520461199, 0.9146070651371396, 0.00986226520461199], [0.9242538066483745, 0.036786297910612276, 0.00973997386025329, 0.00973997386025329, 0.00973997386025329, 0.00973997386025329], [0.8952502662803208, 0.0658468582600233, 0.00972571886491398, 0.00972571886491398, 0.00972571886491398, 0.00972571886491398], [0.013904701405348276, 0.07139515192859101, 0.011044886058144472, 0.009849976372250758, 0.8839553078634148, 0.009849976372250758], [0.9523807278676467, 0.00952385442647066, 0.00952385442647066, 0.00952385442647066, 0.00952385442647066, 0.00952385442647066], [0.9523807278676467, 0.00952385442647066, 0.00952385442647066, 0.00952385442647066, 0.00952385442647066, 0.00952385442647066], [0.9523807278676467, 0.00952385442647066, 0.00952385442647066, 0.00952385442647066, 0.00952385442647066, 0.00952385442647066], [0.8099747647480595, 0.15120572282585262, 0.00970487810652197, 0.00970487810652197, 0.00970487810652197, 0.00970487810652197], [0.7809473259605345, 0.1802955053298697, 0.009689292177398962, 0.009689292177398962, 0.009689292177398962, 0.009689292177398962], [0.01503978211458266, 0.17429937036778806, 0.009751712735601076, 0.009751712735601076, 0.7814057093108261, 0.009751712735601076], [0.6507086290081858, 0.3104391777561553, 0.0097130483089147, 0.0097130483089147, 0.0097130483089147, 0.0097130483089147], [0.7088744837032219, 0.2519604018281233, 0.009791278617163706, 0.009791278617163706, 0.009791278617163706, 0.009791278617163706], [0.019735305149139206, 0.25659463637844504, 0.00984393108820022, 0.03328892141361639, 0.6706932748823989, 0.00984393108820022], [0.4767875492085467, 0.4444772401764578, 0.009853473277302927, 0.04841946349468074, 0.010608800565709108, 0.009853473277302927], [0.4147396187490565, 0.4969883952395653, 0.009862816785679372, 0.05650025339247031, 0.012046099047549092, 0.009862816785679372], [0.48638368427767315, 0.35147850471678205, 0.0098648174468761, 0.12938146697828568, 0.013026709133506807, 0.0098648174468761], [0.3125974448903608, 0.5551169109102067, 0.009857262370423054, 0.0998210230782947, 0.012750096380291882, 0.009857262370423054], [0.37567272513675354, 0.568617956397067, 0.00983921658623054, 0.025785385517668135, 0.010245499776050184, 0.00983921658623054], [0.34363527374481473, 0.570810107539551, 0.00983215132545367, 0.046858245030627806, 0.019032071034099308, 0.00983215132545367], [0.0364438940007409, 0.5245433387750896, 0.00984673027674937, 0.07736972804727742, 0.34194957862339326, 0.00984673027674937], [0.3922929348489046, 0.5223497007538936, 0.009843665213330858, 0.05507256241365849, 0.010597471556881455, 0.009843665213330858], [0.3881577282757904, 0.5034620370289737, 0.009850650953052644, 0.07738270772488283, 0.011296225064247553, 0.009850650953052644], [0.34032536809043296, 0.5493828561506777, 0.009857980100634251, 0.0780598647023585, 0.012515950855262291, 0.009857980100634251], [0.07452211639741156, 0.8588173350190926, 0.009812733496207546, 0.009812733496207546, 0.0372223480948732, 0.009812733496207546], [0.3533186181431216, 0.5438320828750863, 0.009850794842270597, 0.07096653862024534, 0.01218117067700544, 0.009850794842270597], [0.027168010540082253, 0.5163454724304276, 0.00985416727991637, 0.07878119510583122, 0.3579969873638261, 0.00985416727991637], [0.35819699611420297, 0.48837064905085487, 0.009847917311453668, 0.12190228054014801, 0.011834239671886692, 0.009847917311453668], [0.07648322643990602, 0.8292371443900943, 0.009839370439610267, 0.03663054698520985, 0.03797034130556936, 0.009839370439610267], [0.4190347723959158, 0.5298170802097597, 0.009849770621824858, 0.01961963533622713, 0.011828970814447642, 0.009849770621824858], [0.4595049587191395, 0.3854298348537211, 0.009861613370778146, 0.12295651184617148, 0.01238546783941171, 0.009861613370778146], [0.4002748634796829, 0.5468974233979819, 0.009863704803157753, 0.020578508382821374, 0.012521795133198453, 0.009863704803157753], [0.4835531442910343, 0.37279452712962097, 0.009881500282108262, 0.10988554785085256, 0.014003780164275611, 0.009881500282108262], [0.5239061507392321, 0.3705059637453809, 0.009862829403227604, 0.06430755362819189, 0.02155467308074002, 0.009862829403227604], [0.46090574502603077, 0.4582804473322222, 0.009861730688795601, 0.04955158842503089, 0.011538757839125013, 0.009861730688795601], [0.024735637362845876, 0.4376320185673979, 0.009880871177473941, 0.0365155077812512, 0.48135509393355713, 0.009880871177473941], [0.508271726922704, 0.4506335848748458, 0.009821678226474416, 0.009821678226474416, 0.011629653523027013, 0.009821678226474416], [0.5814742157130661, 0.37680966035293834, 0.009873021728893842, 0.01209705874731394, 0.009873021728893842, 0.009873021728893842], [0.019669069678447733, 0.2602292889652063, 0.11878733737393005, 0.043379547627497884, 0.5480050483033747, 0.009929708051543277], [0.9523807278676467, 0.00952385442647066, 0.00952385442647066, 0.00952385442647066, 0.00952385442647066, 0.00952385442647066]], [[0.9523807278676467, 0.00952385442647066, 0.00952385442647066, 0.00952385442647066, 0.00952385442647066, 0.00952385442647066], [0.9113041986549585, 0.04461210075757936, 0.014586389863701504, 0.009832436907920232, 0.009832436907920232, 0.009832436907920232], [0.8918303127107395, 0.06914131246700521, 0.009757093705563807, 0.009757093705563807, 0.009757093705563807, 0.009757093705563807], [0.8725415538539771, 0.08852660864262446, 0.009732959375849606, 0.009732959375849606, 0.009732959375849606, 0.009732959375849606], [0.014730738942238239, 0.10968179899745846, 0.009851842753236004, 0.018135291855744702, 0.8377484846980865, 0.009851842753236004], [0.853459327339199, 0.09205909631830972, 0.02505124584854196, 0.009810110164649803, 0.009810110164649803, 0.009810110164649803], [0.9523807278676467, 0.00952385442647066, 0.00952385442647066, 0.00952385442647066, 0.00952385442647066, 0.00952385442647066], [0.9523807278676467, 0.00952385442647066, 0.00952385442647066, 0.00952385442647066, 0.00952385442647066, 0.00952385442647066], [0.012144559727984651, 0.18815376133561418, 0.0378639054925937, 0.009824714720383255, 0.742188344003041, 0.009824714720383255], [0.011718091883507906, 0.19959657648313847, 0.009737068246779038, 0.009737068246779038, 0.7594741268930164, 0.009737068246779038], [0.01599767499023723, 0.21697073316471535, 0.00974120573994592, 0.00974120573994592, 0.7378079746252096, 0.00974120573994592], [0.017817864241028467, 0.3121195814789394, 0.009814845654751709, 0.009814845654751709, 0.6406180173157769, 0.009814845654751709], [0.5219826172593741, 0.424687491401908, 0.009792239233278646, 0.02395317363888194, 0.009792239233278646, 0.009792239233278646], [0.5642573137593913, 0.3960119636350429, 0.009812368807813995, 0.010293616182123922, 0.009812368807813995, 0.009812368807813995], [0.4495173452151278, 0.40810023311237725, 0.009840898731199553, 0.11265185691444073, 0.010048767295655136, 0.009840898731199553], [0.40728570093708955, 0.44835989478447713, 0.009847820608121954, 0.1133715090400977, 0.011287254022091815, 0.009847820608121954], [0.3693261208717187, 0.5271702601874798, 0.00985808238354157, 0.07088535515852643, 0.012902099015191936, 0.00985808238354157], [0.3826021410827554, 0.5239408946643301, 0.009844222613517892, 0.06247304998681979, 0.011295469039058982, 0.009844222613517892], [0.02429832851759963, 0.5722397882596699, 0.00983478176060179, 0.06174410448715736, 0.3220482152143695, 0.00983478176060179], [0.03223769801655454, 0.5884718051757614, 0.009830405277982783, 0.04681789788747422, 0.3128117883642442, 0.009830405277982783], [0.464066819537126, 0.48905326504800745, 0.009812413154969809, 0.01744267594995726, 0.009812413154969809, 0.009812413154969809], [0.42836689249852394, 0.531324264243708, 0.009827146571056041, 0.010827403544600003, 0.009827146571056041, 0.009827146571056041], [0.4483833534535587, 0.45301644604373953, 0.009836927494235913, 0.06908941801999412, 0.009836927494235913, 0.009836927494235913], [0.40782177198308467, 0.5064078274444279, 0.009846962025925159, 0.05530680586678942, 0.010769670653847586, 0.009846962025925159], [0.027932785760867614, 0.5112387604923259, 0.009852693289060455, 0.034803093761039273, 0.4063199734076463, 0.009852693289060455], [0.02758542507338999, 0.5723295615584223, 0.009850784088015195, 0.07851911311420842, 0.30186433207794894, 0.009850784088015195], [0.027432334927224696, 0.5614140624438327, 0.009844963750893639, 0.0634023732573614, 0.32806130186979404, 0.009844963750893639], [0.3336526321222698, 0.5584006825700589, 0.009841408578036677, 0.0774083852896528, 0.010855482861945162, 0.009841408578036677], [0.3988984753981427, 0.5134284233963534, 0.009849330692050308, 0.05617207607370952, 0.01180236374769392, 0.009849330692050308], [0.47560853426845495, 0.47545169585095165, 0.00984192802323856, 0.01886833846704747, 0.010387575367068724, 0.00984192802323856], [0.45550834018507996, 0.43615409637231733, 0.009850578916688736, 0.07796409978821932, 0.010672305821005984, 0.009850578916688736], [0.5446598964800137, 0.39034977682482647, 0.009853879812665058, 0.03432415342204039, 0.010958413647789425, 0.009853879812665058], [0.5268395851752169, 0.3397065309051277, 0.009869959373300118, 0.10144615067856197, 0.01226781449449327, 0.009869959373300118], [0.5420569425044891, 0.37139807446620654, 0.009855305695364254, 0.05627054977657735, 0.010563821861998468, 0.009855305695364254], [0.5938464900782257, 0.30523442066347717, 0.00985411376191794, 0.07080484575217752, 0.010406015982283924, 0.00985411376191794], [0.5462789194974952, 0.3943661398343136, 0.009853919842645876, 0.019573604634125368, 0.020073496348774148, 0.009853919842645876], [0.5766300325933097, 0.3728209352592315, 0.009859519215018956, 0.019983999119884972, 0.010845994597535994, 0.009859519215018956], [0.5791634997466443, 0.3357852404676842, 0.00985553291202096, 0.05548466104960877, 0.00985553291202096, 0.00985553291202096], [0.578044020054766, 0.27357331921489053, 0.11639527491594827, 0.012165527257294561, 0.009910929278550354, 0.009910929278550354], [0.9523807278676467, 0.00952385442647066, 0.00952385442647066, 0.00952385442647066, 0.00952385442647066, 0.00952385442647066]], [[0.9523807278676467, 0.00952385442647066, 0.00952385442647066, 0.00952385442647066, 0.00952385442647066, 0.00952385442647066], [0.8854662018811448, 0.07157836682908442, 0.013387635758507014, 0.009855931843754598, 0.009855931843754598, 0.009855931843754598], [0.8833876055895349, 0.07747029446457067, 0.00978552498647361, 0.00978552498647361, 0.00978552498647361, 0.00978552498647361], [0.8664918160991582, 0.09449315705619225, 0.009753756711162388, 0.009753756711162388, 0.009753756711162388, 0.009753756711162388], [0.7833452037312996, 0.17767693148522293, 0.009744466195869349, 0.009744466195869349, 0.009744466195869349, 0.009744466195869349], [0.025749468592190194, 0.19349438913083702, 0.009851408626129543, 0.03283772699128724, 0.7282155980334265, 0.009851408626129543], [0.01550309774150247, 0.17285132744187037, 0.06344655581121282, 0.00983926549974928, 0.7285204880059157, 0.00983926549974928], [0.9523807278676467, 0.00952385442647066, 0.00952385442647066, 0.00952385442647066, 0.00952385442647066, 0.00952385442647066], [0.01301672409459348, 0.17701916872783108, 0.08902529789346475, 0.009826077065470394, 0.70128665515317, 0.009826077065470394], [0.012621410675742382, 0.3608333307614292, 0.00973896516053576, 0.00973896516053576, 0.5973283630812212, 0.00973896516053576], [0.01735016071745113, 0.3694939261149223, 0.009744019322219011, 0.009744019322219011, 0.5839238552009696, 0.009744019322219011], [0.01966144567566641, 0.36850241385959637, 0.009820261033812552, 0.016879359283298097, 0.5753162591138141, 0.009820261033812552], [0.5121470933965788, 0.44170476526481406, 0.009793857823187287, 0.01676656786904518, 0.009793857823187287, 0.009793857823187287], [0.022915938772728076, 0.4581229966021526, 0.009837253522430745, 0.01850690180991493, 0.4807796557703428, 0.009837253522430745], [0.02727844751727717, 0.3932089001933226, 0.009850754131182284, 0.12843052273724356, 0.43138062128979215, 0.009850754131182284], [0.40800819733605376, 0.5252554624109166, 0.009853011965991467, 0.034331907457212464, 0.01269840886383412, 0.009853011965991467], [0.0803424341423339, 0.8515264253173364, 0.009809084704040169, 0.009809084704040169, 0.03870388642820927, 0.009809084704040169], [0.030171919259316737, 0.511830855241638, 0.009861084616838382, 0.049699106540086184, 0.3885759497252823, 0.009861084616838382], [0.4435098442144481, 0.5174348330356089, 0.009763830687485774, 0.009763830687485774, 0.009763830687485774, 0.009763830687485774], [0.0230079923718274, 0.5064175106230421, 0.009833951223251517, 0.025461570605355137, 0.4254450239532726, 0.009833951223251517], [0.03167106491826596, 0.543625813893382, 0.009835372668552306, 0.05448610255939936, 0.35054627329184807, 0.009835372668552306], [0.5202123473900553, 0.4399276258974062, 0.00981426422621744, 0.010417234033886096, 0.00981426422621744, 0.00981426422621744], [0.495965283670252, 0.45643485318505916, 0.009826720898005268, 0.018119700450672998, 0.009826720898005268, 0.009826720898005268], [0.43720414303764044, 0.467913135521378, 0.00984559614097448, 0.05515691264994745, 0.02003461650908522, 0.00984559614097448], [0.026300918335736043, 0.5200025785432387, 0.009847753942291912, 0.03432638422979793, 0.3996746110066434, 0.009847753942291912], [0.3777791510855412, 0.522077120755429, 0.00983862918733715, 0.06986218398418943, 0.010604285800166037, 0.00983862918733715], [0.08112138924529443, 0.8516213733489011, 0.009783404146285118, 0.009783404146285118, 0.03790702496694905, 0.009783404146285118], [0.4572366606104994, 0.4867581835359444, 0.009837132652621847, 0.025895632762918567, 0.010435257785393828, 0.009837132652621847], [0.4128228398233045, 0.5017146382734864, 0.009840285675149971, 0.055349181126190604, 0.01043276942671851, 0.009840285675149971], [0.02535294185885748, 0.4532588928924987, 0.009849351707449126, 0.06358032559893952, 0.43810913623480596, 0.009849351707449126], [0.5065054493554684, 0.4083067625350743, 0.009846205079421133, 0.055594110759155095, 0.009901267191459997, 0.009846205079421133], [0.02284008547046689, 0.3672956079645416, 0.009860706885695807, 0.027638272188532487, 0.5625046206050673, 0.009860706885695807], [0.6298574767864064, 0.2901454840130573, 0.009860763047699393, 0.049328377717896124, 0.010947135387241222, 0.009860763047699393], [0.6671277708334914, 0.2932889017181115, 0.009806054658914536, 0.009806054658914536, 0.010165163471653518, 0.009806054658914536], [0.6606722480390897, 0.2757700325988417, 0.009851111968422546, 0.033940631303022537, 0.009914864122200854, 0.009851111968422546], [0.02096605955079281, 0.26703495691253837, 0.00986055870354891, 0.020182488111779827, 0.6720953780177912, 0.00986055870354891], [0.6697894132250722, 0.2813118429393621, 0.009851669537786895, 0.019343735222205, 0.009851669537786895, 0.009851669537786895], [0.6453235456300581, 0.30681313709776653, 0.009838518277373056, 0.01834776244005617, 0.009838518277373056, 0.009838518277373056], [0.6486529742456822, 0.22585646646041416, 0.08649734869739549, 0.01918493753839307, 0.009904136529057568, 0.009904136529057568], [0.9523807278676467, 0.00952385442647066, 0.00952385442647066, 0.00952385442647066, 0.00952385442647066, 0.00952385442647066]], [[0.9523807278676467, 0.00952385442647066, 0.00952385442647066, 0.00952385442647066, 0.00952385442647066, 0.00952385442647066], [0.889612105788344, 0.056616578855480826, 0.02414634877971607, 0.009874988858819695, 0.009874988858819695, 0.009874988858819695], [0.860787817568775, 0.09779028361003907, 0.009863566138641923, 0.011831200405260084, 0.009863566138641923, 0.009863566138641923], [0.7799919663105095, 0.15374959454158998, 0.009864297379947923, 0.03498662479795561, 0.011543219590049038, 0.009864297379947923], [0.7546327847068813, 0.19780553192724556, 0.009831733251314263, 0.01806648361193038, 0.009831733251314263, 0.009831733251314263], [0.7152382123111284, 0.24578064566934588, 0.009745285504881438, 0.009745285504881438, 0.009745285504881438, 0.009745285504881438], [0.017567900351918044, 0.3230633444725792, 0.009835912989021442, 0.01012066895428601, 0.6295762602431738, 0.009835912989021442], [0.015301899369170651, 0.2317189459046693, 0.11114059258802364, 0.009829055696732267, 0.622180450744672, 0.009829055696732267], [0.014126742158347699, 0.3623809004413504, 0.009742695991258633, 0.009742695991258633, 0.594264269426526, 0.009742695991258633], [0.014188144409655004, 0.30947136350378723, 0.009739474865754442, 0.009739474865754442, 0.6471220674892945, 0.009739474865754442], [0.028775010974015306, 0.3815645533414527, 0.009819741732350302, 0.01680325184778194, 0.5532177003720494, 0.009819741732350302], [0.5189776544098081, 0.4349899574126876, 0.00979387523023749, 0.016650762486791763, 0.00979387523023749, 0.00979387523023749], [0.02311727658575454, 0.43979688899631075, 0.009827757245525178, 0.017703093461514424, 0.4997272264653699, 0.009827757245525178], [0.02445197829115629, 0.5092322081120342, 0.009839629769888142, 0.06218731381608761, 0.3844492402409456, 0.009839629769888142], [0.32794629231694106, 0.5698236144870219, 0.009842288840866008, 0.06222802808235668, 0.02031748743194842, 0.009842288840866008], [0.3898479812469644, 0.5143106935680161, 0.009854187366759842, 0.063396054803141, 0.01273689564835891, 0.009854187366759842], [0.0311001601024518, 0.4105346056579287, 0.009866978219246831, 0.15180009084439988, 0.38683118695672586, 0.009866978219246831], [0.3377635270825183, 0.5766795959151428, 0.009844226285570603, 0.05514085688070351, 0.010727567550494, 0.009844226285570603], [0.4640024248174891, 0.4739246720066038, 0.00982874108205777, 0.03258667992973393, 0.00982874108205777, 0.00982874108205777], [0.5527925397196165, 0.38577350273976996, 0.009812192147901503, 0.031997381096909104, 0.009812192147901503, 0.009812192147901503], [0.019197715081478856, 0.3741877650622544, 0.00983627676818535, 0.018261380535497095, 0.568680585784399, 0.00983627676818535], [0.01844826508536289, 0.3015875738154395, 0.009834681775832126, 0.010831334966175743, 0.6494634625813578, 0.009834681775832126], [0.018624216027362233, 0.1864981767568205, 0.009835269815142553, 0.018129493761571407, 0.7570775738239607, 0.009835269815142553], [0.48219266234237107, 0.4787999932933612, 0.009751836091066947, 0.009751836091066947, 0.009751836091066947, 0.009751836091066947], [0.4949852883863255, 0.45780679050812373, 0.009816617666406305, 0.017758068106331768, 0.009816617666406305, 0.009816617666406305], [0.5136476618098738, 0.39554148051378507, 0.009815284083543896, 0.061365005425709544, 0.009815284083543896, 0.009815284083543896], [0.5951421330804453, 0.34347052457089383, 0.009810615268918877, 0.031955496541904424, 0.009810615268918877, 0.009810615268918877], [0.4544900271031742, 0.4915910291988216, 0.009805429568443361, 0.024502654992674167, 0.009805429568443361, 0.009805429568443361], [0.5173949121549392, 0.3917415893985042, 0.009815657410207708, 0.061416526215933416, 0.009815657410207708, 0.009815657410207708], [0.023788074003982317, 0.4372740171259903, 0.009839220006344901, 0.05536655252790249, 0.46389291632943497, 0.009839220006344901], [0.6034901849438219, 0.28977417037401587, 0.009839483491285285, 0.07721719420830643, 0.009839483491285285, 0.009839483491285285], [0.7589284672842979, 0.19257462437563252, 0.009843570939655525, 0.01896619552110313, 0.009843570939655525, 0.009843570939655525], [0.6600372130309409, 0.24545048153415347, 0.009862428349280798, 0.06402484854491512, 0.010762600191428839, 0.009862428349280798], [0.7655759184003912, 0.17810811237883334, 0.009853269580082166, 0.026756160480529045, 0.009853269580082166, 0.009853269580082166], [0.6492409860806552, 0.30111461767608017, 0.009857474043555565, 0.019730389064469556, 0.010199059091684014, 0.009857474043555565], [0.764399337564181, 0.19645010020793746, 0.009787640556970414, 0.009787640556970414, 0.009787640556970414, 0.009787640556970414], [0.029831223813946543, 0.18398765543478615, 0.00986867618199206, 0.04263611487413308, 0.7238076535131501, 0.00986867618199206], [0.6382922955603302, 0.3214186329305563, 0.00982965531022288, 0.01080010557844486, 0.00982965531022288, 0.00982965531022288], [0.8099635014301628, 0.10586194940800572, 0.03773304265200176, 0.026634033309933816, 0.0099037365999479, 0.0099037365999479], [0.9523807278676467, 0.00952385442647066, 0.00952385442647066, 0.00952385442647066, 0.00952385442647066, 0.00952385442647066]], [[0.9523807278676467, 0.00952385442647066, 0.00952385442647066, 0.00952385442647066, 0.00952385442647066, 0.00952385442647066], [0.8611437174544114, 0.09663903535828493, 0.009887538012125724, 0.012554633150926399, 0.009887538012125724, 0.009887538012125724], [0.020522269245798787, 0.16741771633787547, 0.009899261618109778, 0.03543452929566194, 0.7568269618844442, 0.009899261618109778], [0.6831060168486418, 0.27541442149226336, 0.009821763458744203, 0.009821763458744203, 0.012014271282862175, 0.009821763458744203], [0.693134889800173, 0.26533838937711346, 0.009810730780820731, 0.009810730780820731, 0.01209452848025122, 0.009810730780820731], [0.020638442659593564, 0.36293795117000466, 0.009855168252611575, 0.01868003727785058, 0.578033232387328, 0.009855168252611575], [0.6441231068867923, 0.3166473527311922, 0.009804411244949754, 0.00981630664716625, 0.009804411244949754, 0.009804411244949754], [0.5198887312925174, 0.3907898004328349, 0.009782054135349893, 0.05997530586859796, 0.009782054135349893, 0.009782054135349893], [0.4752384233354707, 0.4805443247138356, 0.009745606680292822, 0.009745606680292822, 0.014980431909815295, 0.009745606680292822], [0.696086463047767, 0.2584201779523419, 0.00977900785950897, 0.0161563354213641, 0.00977900785950897, 0.00977900785950897], [0.6142004627790705, 0.34655029713799573, 0.009803599847763808, 0.00983844053964233, 0.009803599847763808, 0.009803599847763808], [0.09228944078309244, 0.8149520010373251, 0.009818389000224295, 0.02598143035524847, 0.04714034982388543, 0.009818389000224295], [0.04592959279783226, 0.5168739064153076, 0.009834638953904318, 0.05462763122206517, 0.3628995916569864, 0.009834638953904318], [0.3702658397147244, 0.5360519621598339, 0.009834746210891724, 0.06402437796836134, 0.009988327735296986, 0.009834746210891724], [0.39615709773767005, 0.47394486155271953, 0.009842754823037207, 0.0986288970604181, 0.011583634003117885, 0.009842754823037207], [0.09438783726616116, 0.8040527223211447, 0.009831247404258838, 0.042361060532569134, 0.03953588507160736, 0.009831247404258838], [0.41774142732625, 0.47275484613783975, 0.009849827810543534, 0.07752449261171261, 0.01227957830311049, 0.009849827810543534], [0.539008180301501, 0.39697825133695197, 0.009845205891378345, 0.03350466715715885, 0.01081848942163158, 0.009845205891378345], [0.022936939038616842, 0.292881838203451, 0.009845342659427967, 0.10600330206869717, 0.558487235370379, 0.009845342659427967], [0.7046097988144346, 0.25530608970900526, 0.009819053039708902, 0.010626952357433266, 0.009819053039708902, 0.009819053039708902], [0.7135711147184939, 0.2380253596686254, 0.009837371924385786, 0.010843972469270421, 0.017884809294838676, 0.009837371924385786], [0.6775963670765434, 0.27527721822983103, 0.00981158542296665, 0.01769165842472568, 0.00981158542296665, 0.00981158542296665], [0.709075289288589, 0.22252908110155736, 0.009803011388307512, 0.03898659544493097, 0.009803011388307512, 0.009803011388307512], [0.7048557536195192, 0.24806703689212284, 0.009811864487838795, 0.017641616024841437, 0.009811864487838795, 0.009811864487838795], [0.5747402018819388, 0.3853158639459433, 0.009814188632908633, 0.010501368273392117, 0.009814188632908633, 0.009814188632908633], [0.5543690388700072, 0.3988004989794088, 0.009805164046492816, 0.01741497001110557, 0.009805164046492816, 0.009805164046492816], [0.030972921417777587, 0.3873717922354537, 0.009828380820136541, 0.0251496132399751, 0.5368489114665205, 0.009828380820136541], [0.03015156690932676, 0.3756114429429745, 0.009760375500649114, 0.009760375500649114, 0.5649558636457515, 0.009760375500649114], [0.021667547650209684, 0.4945673908304922, 0.00983281511781272, 0.025550803395254448, 0.43854862788841814, 0.00983281511781272], [0.6305210610886727, 0.33044820233103767, 0.009757684145072432, 0.009757684145072432, 0.009757684145072432, 0.009757684145072432], [0.6985575939230877, 0.23103966