{"round_id": "cc5442dd-bc5d-418b-911b-7eb960cb0390", "predictions": {"0": [[[0.9523808590100877, 0.009523828197982462, 0.009523828197982462, 0.009523828197982462, 0.009523828197982462, 0.009523828197982462], [0.9523808590100877, 0.009523828197982462, 0.009523828197982462, 0.009523828197982462, 0.009523828197982462, 0.009523828197982462], [0.9523808590100877, 0.009523828197982462, 0.009523828197982462, 0.009523828197982462, 0.009523828197982462, 0.009523828197982462], [0.9523808590100877, 0.009523828197982462, 0.009523828197982462, 0.009523828197982462, 0.009523828197982462, 0.009523828197982462], [0.9523808590100877, 0.009523828197982462, 0.009523828197982462, 0.009523828197982462, 0.009523828197982462, 0.009523828197982462], [0.9523808590100877, 0.009523828197982462, 0.009523828197982462, 0.009523828197982462, 0.009523828197982462, 0.009523828197982462], [0.9523808590100877, 0.009523828197982462, 0.009523828197982462, 0.009523828197982462, 0.009523828197982462, 0.009523828197982462], [0.9523808590100877, 0.009523828197982462, 0.009523828197982462, 0.009523828197982462, 0.009523828197982462, 0.009523828197982462], [0.9523808590100877, 0.009523828197982462, 0.009523828197982462, 0.009523828197982462, 0.009523828197982462, 0.009523828197982462], [0.9523808590100877, 0.009523828197982462, 0.009523828197982462, 0.009523828197982462, 0.009523828197982462, 0.009523828197982462], [0.9523808590100877, 0.009523828197982462, 0.009523828197982462, 0.009523828197982462, 0.009523828197982462, 0.009523828197982462], [0.9523808590100877, 0.009523828197982462, 0.009523828197982462, 0.009523828197982462, 0.009523828197982462, 0.009523828197982462], [0.9523808590100877, 0.009523828197982462, 0.009523828197982462, 0.009523828197982462, 0.009523828197982462, 0.009523828197982462], [0.9523808590100877, 0.009523828197982462, 0.009523828197982462, 0.009523828197982462, 0.009523828197982462, 0.009523828197982462], [0.9523808590100877, 0.009523828197982462, 0.009523828197982462, 0.009523828197982462, 0.009523828197982462, 0.009523828197982462], [0.9523808590100877, 0.009523828197982462, 0.009523828197982462, 0.009523828197982462, 0.009523828197982462, 0.009523828197982462], [0.9523808590100877, 0.009523828197982462, 0.009523828197982462, 0.009523828197982462, 0.009523828197982462, 0.009523828197982462], [0.9523808590100877, 0.009523828197982462, 0.009523828197982462, 0.009523828197982462, 0.009523828197982462, 0.009523828197982462], [0.9523808590100877, 0.009523828197982462, 0.009523828197982462, 0.009523828197982462, 0.009523828197982462, 0.009523828197982462], [0.9523808590100877, 0.009523828197982462, 0.009523828197982462, 0.009523828197982462, 0.009523828197982462, 0.009523828197982462], [0.9523808590100877, 0.009523828197982462, 0.009523828197982462, 0.009523828197982462, 0.009523828197982462, 0.009523828197982462], [0.9523808590100877, 0.009523828197982462, 0.009523828197982462, 0.009523828197982462, 0.009523828197982462, 0.009523828197982462], [0.9523808590100877, 0.009523828197982462, 0.009523828197982462, 0.009523828197982462, 0.009523828197982462, 0.009523828197982462], [0.9523808590100877, 0.009523828197982462, 0.009523828197982462, 0.009523828197982462, 0.009523828197982462, 0.009523828197982462], [0.9523808590100877, 0.009523828197982462, 0.009523828197982462, 0.009523828197982462, 0.009523828197982462, 0.009523828197982462], [0.9523808590100877, 0.009523828197982462, 0.009523828197982462, 0.009523828197982462, 0.009523828197982462, 0.009523828197982462], [0.9523808590100877, 0.009523828197982462, 0.009523828197982462, 0.009523828197982462, 0.009523828197982462, 0.009523828197982462], [0.9523808590100877, 0.009523828197982462, 0.009523828197982462, 0.009523828197982462, 0.009523828197982462, 0.009523828197982462], [0.9523808590100877, 0.009523828197982462, 0.009523828197982462, 0.009523828197982462, 0.009523828197982462, 0.009523828197982462], [0.9523808590100877, 0.009523828197982462, 0.009523828197982462, 0.009523828197982462, 0.009523828197982462, 0.009523828197982462], [0.9523808590100877, 0.009523828197982462, 0.009523828197982462, 0.009523828197982462, 0.009523828197982462, 0.009523828197982462], [0.9523808590100877, 0.009523828197982462, 0.009523828197982462, 0.009523828197982462, 0.009523828197982462, 0.009523828197982462], [0.9523808590100877, 0.009523828197982462, 0.009523828197982462, 0.009523828197982462, 0.009523828197982462, 0.009523828197982462], [0.9523808590100877, 0.009523828197982462, 0.009523828197982462, 0.009523828197982462, 0.009523828197982462, 0.009523828197982462], [0.9523808590100877, 0.009523828197982462, 0.009523828197982462, 0.009523828197982462, 0.009523828197982462, 0.009523828197982462], [0.9523808590100877, 0.009523828197982462, 0.009523828197982462, 0.009523828197982462, 0.009523828197982462, 0.009523828197982462], [0.9523808590100877, 0.009523828197982462, 0.009523828197982462, 0.009523828197982462, 0.009523828197982462, 0.009523828197982462], [0.9523808590100877, 0.009523828197982462, 0.009523828197982462, 0.009523828197982462, 0.009523828197982462, 0.009523828197982462], [0.9523808590100877, 0.009523828197982462, 0.009523828197982462, 0.009523828197982462, 0.009523828197982462, 0.009523828197982462], [0.9523808590100877, 0.009523828197982462, 0.009523828197982462, 0.009523828197982462, 0.009523828197982462, 0.009523828197982462]], [[0.9523808590100877, 0.009523828197982462, 0.009523828197982462, 0.009523828197982462, 0.009523828197982462, 0.009523828197982462], [0.9068103354958471, 0.049993863446875314, 0.013610777482209329, 0.00986167452502279, 0.00986167452502279, 0.00986167452502279], [0.8708815801191411, 0.0645419870102755, 0.034267037882516546, 0.01053380188690015, 0.009887796550583394, 0.009887796550583394], [0.8861969510347646, 0.05924562940711196, 0.025002110297060023, 0.009851769753687786, 0.009851769753687786, 0.009851769753687786], [0.882848259197578, 0.06505035582239581, 0.02262148812492178, 0.009826632285034826, 0.009826632285034826, 0.009826632285034826], [0.5935384006224644, 0.043704284021385355, 0.009870892264115295, 0.009870892264115295, 0.33314463856380416, 0.009870892264115295], [0.9093917627482347, 0.050754633873895866, 0.010318465255015282, 0.009845046040951384, 0.009845046040951384, 0.009845046040951384], [0.9126644997961639, 0.04222806458385671, 0.015474630140873124, 0.009877601826368768, 0.009877601826368768, 0.009877601826368768], [0.9299658604466513, 0.030463885861686336, 0.009892563422915621, 0.009892563422915621, 0.009892563422915621, 0.009892563422915621], [0.9322574666656805, 0.02822463968051446, 0.009879473413451228, 0.009879473413451228, 0.009879473413451228, 0.009879473413451228], [0.9299111798199102, 0.026759261686965883, 0.01385449976223424, 0.009825019576963263, 0.009825019576963263, 0.009825019576963263], [0.010657498337123891, 0.026151967042067004, 0.0121026656120619, 0.009864577937832476, 0.9313587131330824, 0.009864577937832476], [0.009809829539168, 0.015592713720162485, 0.009809829539168, 0.009809829539168, 0.9451679681231654, 0.009809829539168], [0.9397349003614623, 0.021308114794457628, 0.009739246211019981, 0.009739246211019981, 0.009739246211019981, 0.009739246211019981], [0.9379997534004212, 0.02304059649079263, 0.009739912527196542, 0.009739912527196542, 0.009739912527196542, 0.009739912527196542], [0.3529711058810411, 0.6081352443977089, 0.009723412430312509, 0.009723412430312509, 0.009723412430312509, 0.009723412430312509], [0.36713502159540384, 0.5939251729075437, 0.009734951374263128, 0.009734951374263128, 0.009734951374263128, 0.009734951374263128], [0.009853098250639883, 0.04045095821048977, 0.009853098250639883, 0.009853098250639883, 0.9201366487869508, 0.009853098250639883], [0.9095533465514831, 0.051413974299871726, 0.009758169787161283, 0.009758169787161283, 0.009758169787161283, 0.009758169787161283], [0.8951987694766523, 0.06306932215392551, 0.012275840794942596, 0.009818689191493202, 0.009818689191493202, 0.009818689191493202], [0.9000085087795661, 0.0484482964132807, 0.021981360413457635, 0.00985394479789856, 0.00985394479789856, 0.00985394479789856], [0.8856569044537471, 0.05175946965262418, 0.033094074456627515, 0.0098298504790004, 0.0098298504790004, 0.0098298504790004], [0.009891439384444034, 0.03817136040874117, 0.009891439384444034, 0.014837125291959262, 0.9173171961459674, 0.009891439384444034], [0.3598622585934313, 0.6010405242390013, 0.009774304291891835, 0.009774304291891835, 0.009774304291891835, 0.009774304291891835], [0.924779908441421, 0.03629244378455913, 0.009731911943504973, 0.009731911943504973, 0.009731911943504973, 0.009731911943504973], [0.9206339213055835, 0.04046736819555558, 0.009724677624715242, 0.009724677624715242, 0.009724677624715242, 0.009724677624715242], [0.009753041176093102, 0.0364419417956354, 0.009753041176093102, 0.009753041176093102, 0.9245458934999923, 0.009753041176093102], [0.9159031061494756, 0.040811732990010695, 0.013932753467796504, 0.009784135797572422, 0.009784135797572422, 0.009784135797572422], [0.9156001500070533, 0.045482719917100026, 0.009729282518961699, 0.009729282518961699, 0.009729282518961699, 0.009729282518961699], [0.3452802726279393, 0.0380711699370603, 0.012557391074882317, 0.009845460555403798, 0.5844002452493106, 0.009845460555403798], [0.9090928433638366, 0.04369942559742746, 0.01769980482280831, 0.009835975405309255, 0.009835975405309255, 0.009835975405309255], [0.009856037815250135, 0.03420054595692257, 0.5954649159993709, 0.009856037815250135, 0.34076642459795603, 0.009856037815250135], [0.9217826743693392, 0.039239032184767084, 0.009744573361473425, 0.009744573361473425, 0.009744573361473425, 0.009744573361473425], [0.36124280930769676, 0.5998443028809761, 0.009728221952831783, 0.009728221952831783, 0.009728221952831783, 0.009728221952831783], [0.009778422863352555, 0.022734600953062546, 0.009778422863352555, 0.009778422863352555, 0.9381517075935273, 0.009778422863352555], [0.00975400344950636, 0.015742552130708878, 0.00975400344950636, 0.00975400344950636, 0.9452414340712657, 0.00975400344950636], [0.9486669927911635, 0.012474645615818706, 0.009714590398254458, 0.009714590398254458, 0.009714590398254458, 0.009714590398254458], [0.9447729107586668, 0.016294169832143345, 0.009733229852297444, 0.009733229852297444, 0.009733229852297444, 0.009733229852297444], [0.9496696162164675, 0.011324416056818668, 0.009751491931678485, 0.009751491931678485, 0.009751491931678485, 0.009751491931678485], [0.9523808590100877, 0.009523828197982462, 0.009523828197982462, 0.009523828197982462, 0.009523828197982462, 0.009523828197982462]], [[0.9523808590100877, 0.009523828197982462, 0.009523828197982462, 0.009523828197982462, 0.009523828197982462, 0.009523828197982462], [0.011323512998189844, 0.07649367627302235, 0.038946405289204525, 0.009908693639392226, 0.8534190181607988, 0.009908693639392226], [0.8523799557029976, 0.1082084097525714, 0.00982240800628749, 0.009944410525568576, 0.00982240800628749, 0.00982240800628749], [0.8589994436077754, 0.09898568999944671, 0.009834416192850666, 0.01251161781422603, 0.009834416192850666, 0.009834416192850666], [0.8779179883903274, 0.07085503364333728, 0.00984303146529497, 0.021697883570450317, 0.00984303146529497, 0.00984303146529497], [0.8607633332990478, 0.10010834417297312, 0.009782080631994794, 0.009782080631994794, 0.009782080631994794, 0.009782080631994794], [0.9068179605461358, 0.04369868570286617, 0.009858222615928875, 0.01990868590321139, 0.009858222615928875, 0.009858222615928875], [0.9135021507766464, 0.04707325522360449, 0.00985614849993725, 0.00985614849993725, 0.00985614849993725, 0.00985614849993725], [0.10028783182012543, 0.13928902461901288, 0.009881843334289259, 0.09947243602387375, 0.6411870208684094, 0.009881843334289259], [0.9221920109335784, 0.03515312377006442, 0.00985389207534982, 0.013093189070307832, 0.00985389207534982, 0.00985389207534982], [0.939272956055058, 0.021377274790405167, 0.009837442288634203, 0.009837442288634203, 0.009837442288634203, 0.009837442288634203], [0.9277328051905999, 0.03307375578771369, 0.00979835975542161, 0.00979835975542161, 0.00979835975542161, 0.00979835975542161], [0.9386114258217062, 0.022415170230903406, 0.009743350986847598, 0.009743350986847598, 0.009743350986847598, 0.009743350986847598], [0.9415382310458511, 0.01953761324965123, 0.009731038926124438, 0.009731038926124438, 0.009731038926124438, 0.009731038926124438], [0.009523828197982462, 0.009523828197982462, 0.009523828197982462, 0.009523828197982462, 0.009523828197982462, 0.9523808590100877], [0.009757688218985578, 0.6091879844944409, 0.009757688218985578, 0.009757688218985578, 0.35178126262961684, 0.009757688218985578], [0.0097725447796968, 0.04458338174172363, 0.0097725447796968, 0.0097725447796968, 0.9163264391394892, 0.0097725447796968], [0.913892954898807, 0.04734458559018472, 0.009690614877752109, 0.009690614877752109, 0.009690614877752109, 0.009690614877752109], [0.009763682855853172, 0.08142252103053733, 0.009763682855853172, 0.009763682855853172, 0.87952274754605, 0.009763682855853172], [0.8862900433649388, 0.07485302022200382, 0.009714234103264377, 0.009714234103264377, 0.009714234103264377, 0.009714234103264377], [0.862827055713993, 0.09812946436601544, 0.009760869979997873, 0.009760869979997873, 0.009760869979997873, 0.009760869979997873], [0.29104628400339544, 0.6698314311331933, 0.0097805712158528, 0.0097805712158528, 0.0097805712158528, 0.0097805712158528], [0.3087930012793045, 0.6522961967338795, 0.00972770049670401, 0.00972770049670401, 0.00972770049670401, 0.00972770049670401], [0.3285334686039367, 0.6325201370170082, 0.009736598594763805, 0.009736598594763805, 0.009736598594763805, 0.009736598594763805], [0.00974572529291983, 0.05741824374503719, 0.00974572529291983, 0.00974572529291983, 0.9035988550832834, 0.00974572529291983], [0.009734775022662387, 0.6145851157432931, 0.009734775022662387, 0.009734775022662387, 0.3464757841660574, 0.009734775022662387], [0.009730053887401564, 0.05085041153645746, 0.009730053887401564, 0.009730053887401564, 0.9102293729139362, 0.009730053887401564], [0.9060490970400765, 0.05519665650000976, 0.009688561614978407, 0.009688561614978407, 0.009688561614978407, 0.009688561614978407], [0.9075099018768836, 0.053676359334357805, 0.00970343469718964, 0.00970343469718964, 0.00970343469718964, 0.00970343469718964], [0.8864211713140274, 0.07473618971010179, 0.009710659743967695, 0.009710659743967695, 0.009710659743967695, 0.009710659743967695], [0.8802203704289622, 0.08084073308882488, 0.009734724120553248, 0.009734724120553248, 0.009734724120553248, 0.009734724120553248], [0.010170913516828558, 0.06277365196338701, 0.00977946660649608, 0.00977946660649608, 0.8977170347002962, 0.00977946660649608], [0.3470192241081529, 0.04520889787060652, 0.00975985214807487, 0.00975985214807487, 0.5784923215770159, 0.00975985214807487], [0.9281711660108571, 0.03304325069001652, 0.00969639582478157, 0.00969639582478157, 0.00969639582478157, 0.00969639582478157], [0.9250698160131379, 0.03615089036675757, 0.00969482340502614, 0.00969482340502614, 0.00969482340502614, 0.00969482340502614], [0.009745357866644676, 0.027063197706615624, 0.009745357866644676, 0.009745357866644676, 0.9339553708268056, 0.009745357866644676], [0.9462060270810473, 0.014957694835943208, 0.009709069520752345, 0.009709069520752345, 0.009709069520752345, 0.009709069520752345], [0.9489601682317134, 0.012134757192115103, 0.009726268644042899, 0.009726268644042899, 0.009726268644042899, 0.009726268644042899], [0.9470640873707007, 0.013922263778393928, 0.00975341221272635, 0.00975341221272635, 0.00975341221272635, 0.00975341221272635], [0.9523808590100877, 0.009523828197982462, 0.009523828197982462, 0.009523828197982462, 0.009523828197982462, 0.009523828197982462]], [[0.9523808590100877, 0.009523828197982462, 0.009523828197982462, 0.009523828197982462, 0.009523828197982462, 0.009523828197982462], [0.2668798862085513, 0.6601915423584811, 0.04351468958139153, 0.00980462728385865, 0.00980462728385865, 0.00980462728385865], [0.012284761358183263, 0.6697057602802933, 0.009851099585997189, 0.009851099585997189, 0.288456179603532, 0.009851099585997189], [0.27788032238355836, 0.6827280631653249, 0.009847903612779227, 0.009847903612779227, 0.009847903612779227, 0.009847903612779227], [0.8693248199723963, 0.08251458862988892, 0.009863290638130157, 0.0185707194833244, 0.009863290638130157, 0.009863290638130157], [0.25732151286198107, 0.7029613069396278, 0.009874278514104374, 0.010047115114644215, 0.009921508055538106, 0.009874278514104374], [0.8849847602154853, 0.06649443117800806, 0.009872400778174499, 0.018903606271983245, 0.009872400778174499, 0.009872400778174499], [0.9045602663960645, 0.05379928820237286, 0.009867685662558929, 0.012037388413885934, 0.009867685662558929, 0.009867685662558929], [0.9044912408989749, 0.05567460685928975, 0.009853526492040417, 0.009853526492040417, 0.010273572765614043, 0.009853526492040417], [0.9107840735067482, 0.04402520977500572, 0.009844406965135045, 0.015657495822840845, 0.009844406965135045, 0.009844406965135045], [0.9261661513895045, 0.03474592374161594, 0.009771981217219854, 0.009771981217219854, 0.009771981217219854, 0.009771981217219854], [0.919098662647674, 0.04184922740440723, 0.009763027486979714, 0.009763027486979714, 0.009763027486979714, 0.009763027486979714], [0.009523828197982462, 0.009523828197982462, 0.009523828197982462, 0.009523828197982462, 0.009523828197982462, 0.9523808590100877], [0.009523828197982462, 0.009523828197982462, 0.009523828197982462, 0.009523828197982462, 0.009523828197982462, 0.9523808590100877], [0.009523828197982462, 0.009523828197982462, 0.009523828197982462, 0.009523828197982462, 0.009523828197982462, 0.9523808590100877], [0.9301232180057034, 0.03098531364530874, 0.009722867087246952, 0.009722867087246952, 0.009722867087246952, 0.009722867087246952], [0.9226914475011616, 0.038450197937213444, 0.009714588640406268, 0.009714588640406268, 0.009714588640406268, 0.009714588640406268], [0.011723333905126804, 0.656345958142983, 0.009761559222533267, 0.009761559222533267, 0.3026460302842904, 0.009761559222533267], [0.8825444755161992, 0.07860061329071877, 0.009713727798270497, 0.009713727798270497, 0.009713727798270497, 0.009713727798270497], [0.013544660307322494, 0.6733669581480474, 0.009778361932142723, 0.009778361932142723, 0.283753295748202, 0.009778361932142723], [0.2778657452305287, 0.6829876060853757, 0.009786662171023917, 0.009786662171023917, 0.009786662171023917, 0.009786662171023917], [0.282885783106408, 0.6781033577360155, 0.009752714789394136, 0.009752714789394136, 0.009752714789394136, 0.009752714789394136], [0.8891339987049736, 0.07179061280405356, 0.009768847122743222, 0.009768847122743222, 0.009768847122743222, 0.009768847122743222], [0.30949651255933985, 0.6514590034728782, 0.00976112099194551, 0.00976112099194551, 0.00976112099194551, 0.00976112099194551], [0.9005861475386134, 0.060548297005628055, 0.009716388863939617, 0.009716388863939617, 0.009716388863939617, 0.009716388863939617], [0.8990534113721645, 0.062127485836282685, 0.009704775697888201, 0.009704775697888201, 0.009704775697888201, 0.009704775697888201], [0.9051930797490826, 0.05599749848436695, 0.009702355441637599, 0.009702355441637599, 0.009702355441637599, 0.009702355441637599], [0.011901882508761489, 0.07322624197466596, 0.00978531672750719, 0.00978531672750719, 0.8855159253340511, 0.00978531672750719], [0.8782028501158257, 0.08281364946310751, 0.009745875105266722, 0.009745875105266722, 0.009745875105266722, 0.009745875105266722], [0.2725470812021433, 0.6884856646307177, 0.009741813541784747, 0.009741813541784747, 0.009741813541784747, 0.009741813541784747], [0.2696003184917707, 0.661309572049065, 0.009830947534024503, 0.03959726685709076, 0.009830947534024503, 0.009830947534024503], [0.8895935934889022, 0.0714168480847412, 0.009747389606589153, 0.009747389606589153, 0.009747389606589153, 0.009747389606589153], [0.8500572443991905, 0.11100068942377357, 0.009735516544258986, 0.009735516544258986, 0.009735516544258986, 0.009735516544258986], [0.9060672166493399, 0.05501748283985111, 0.009728825127702227, 0.009728825127702227, 0.009728825127702227, 0.009728825127702227], [0.010974032829058015, 0.037076694451424544, 0.009768966714415099, 0.009768966714415099, 0.922642372576272, 0.009768966714415099], [0.9314785743298035, 0.029647340747131774, 0.009718521230766185, 0.009718521230766185, 0.009718521230766185, 0.009718521230766185], [0.9347330727366483, 0.026321885876869185, 0.009736260346620656, 0.009736260346620656, 0.009736260346620656, 0.009736260346620656], [0.9461864253239485, 0.014927484900235547, 0.009721522443954009, 0.009721522443954009, 0.009721522443954009, 0.009721522443954009], [0.9487606427905048, 0.012252269548662013, 0.009746771915208292, 0.009746771915208292, 0.009746771915208292, 0.009746771915208292], [0.9523808590100877, 0.009523828197982462, 0.009523828197982462, 0.009523828197982462, 0.009523828197982462, 0.009523828197982462]], [[0.9523808590100877, 0.009523828197982462, 0.009523828197982462, 0.009523828197982462, 0.009523828197982462, 0.009523828197982462], [0.011913059816880997, 0.0837989911352056, 0.03993054020496261, 0.00989726765625402, 0.8445628735304427, 0.00989726765625402], [0.8520204855056168, 0.10902359445997366, 0.009738980008602391, 0.009738980008602391, 0.009738980008602391, 0.009738980008602391], [0.07290534890547648, 0.8561152016977445, 0.009853179878650054, 0.013747524234530361, 0.037525565404948745, 0.009853179878650054], [0.009523828197982462, 0.009523828197982462, 0.009523828197982462, 0.009523828197982462, 0.009523828197982462, 0.9523808590100877], [0.8589189091469878, 0.10064140505014557, 0.00987917986161919, 0.010354650906451927, 0.010326675173176163, 0.00987917986161919], [0.009523828197982462, 0.009523828197982462, 0.009523828197982462, 0.009523828197982462, 0.009523828197982462, 0.9523808590100877], [0.016387220581438617, 0.6421091644326574, 0.009873486996718249, 0.028057021440919535, 0.2936996195515479, 0.009873486996718249], [0.9159781027016323, 0.04488070973866253, 0.009785296889926303, 0.009785296889926303, 0.009785296889926303, 0.009785296889926303], [0.9276475647902002, 0.033253884231668356, 0.009774637744532876, 0.009774637744532876, 0.009774637744532876, 0.009774637744532876], [0.9294967148511896, 0.03138527560672725, 0.009779502385520831, 0.009779502385520831, 0.009779502385520831, 0.009779502385520831], [0.009523828197982462, 0.009523828197982462, 0.009523828197982462, 0.009523828197982462, 0.009523828197982462, 0.9523808590100877], [0.9353407798399126, 0.02566457478449712, 0.009748661343897548, 0.009748661343897548, 0.009748661343897548, 0.009748661343897548], [0.009523828197982462, 0.009523828197982462, 0.009523828197982462, 0.009523828197982462, 0.009523828197982462, 0.9523808590100877], [0.9393233491986867, 0.021803864037483748, 0.00971819669095739, 0.00971819669095739, 0.00971819669095739, 0.00971819669095739], [0.9208064438253813, 0.040366627846365716, 0.009706732082063236, 0.009706732082063236, 0.009706732082063236, 0.009706732082063236], [0.011119188442364834, 0.07881778488926906, 0.009760914861079103, 0.009760914861079103, 0.8807802820851287, 0.009760914861079103], [0.8869706537799792, 0.07413982572890711, 0.00972238012277846, 0.00972238012277846, 0.00972238012277846, 0.00972238012277846], [0.8618320792749002, 0.09926767823006338, 0.009725060623759127, 0.009725060623759127, 0.009725060623759127, 0.009725060623759127], [0.2809327064469907, 0.6800863801255782, 0.009745228356857755, 0.009745228356857755, 0.009745228356857755, 0.009745228356857755], [0.07101607524574663, 0.7756262966819585, 0.009825654006648026, 0.09831798097666489, 0.035388339082334096, 0.009825654006648026], [0.01555267030433351, 0.665803802337096, 0.009846791231718567, 0.019687297752370044, 0.2792626471427633, 0.009846791231718567], [0.8564386116019758, 0.10460748460199713, 0.009738475949006804, 0.009738475949006804, 0.009738475949006804, 0.009738475949006804], [0.3090055567515669, 0.6520252420729479, 0.009742300293871317, 0.009742300293871317, 0.009742300293871317, 0.009742300293871317], [0.8664684852481915, 0.09468640510387527, 0.009711277411983276, 0.009711277411983276, 0.009711277411983276, 0.009711277411983276], [0.9025307127553223, 0.058676473570277866, 0.009698203418599968, 0.009698203418599968, 0.009698203418599968, 0.009698203418599968], [0.011008654481905657, 0.06406029371072798, 0.009750577900337011, 0.009750577900337011, 0.8956793181063553, 0.009750577900337011], [0.011832408669247995, 0.09522158038446764, 0.009752857032780957, 0.009752857032780957, 0.8636874398479415, 0.009752857032780957], [0.013353029347435751, 0.1165081064677183, 0.009766974619782152, 0.009766974619782152, 0.8408379403254994, 0.009766974619782152], [0.014957974088955932, 0.11688574384596062, 0.009774413825955853, 0.009774413825955853, 0.838833040587216, 0.009774413825955853], [0.8234519948386037, 0.1374769596412765, 0.009767761380029983, 0.009767761380029983, 0.009767761380029983, 0.009767761380029983], [0.015302463581039025, 0.1097824109370124, 0.009781188122755443, 0.009781188122755443, 0.8455715611136821, 0.009781188122755443], [0.2902042795885567, 0.10037003362401328, 0.009759413896439457, 0.009759413896439457, 0.5801474450981117, 0.009759413896439457], [0.5869136236270743, 0.07852003041443444, 0.009764756979049861, 0.009764756979049861, 0.30527207502134174, 0.009764756979049861], [0.33808875555793827, 0.6230391444042344, 0.009718025009456831, 0.009718025009456831, 0.009718025009456831, 0.009718025009456831], [0.9375595551187192, 0.02353545090896054, 0.009726248493080042, 0.009726248493080042, 0.009726248493080042, 0.009726248493080042], [0.9339877353306296, 0.02702165947679459, 0.009747651298143969, 0.009747651298143969, 0.009747651298143969, 0.009747651298143969], [0.9476953513789027, 0.013424589101063176, 0.009720014880008511, 0.009720014880008511, 0.009720014880008511, 0.009720014880008511], [0.9459747439942635, 0.015061257062020342, 0.009740999735929033, 0.009740999735929033, 0.009740999735929033, 0.009740999735929033], [0.9523808590100877, 0.009523828197982462, 0.009523828197982462, 0.009523828197982462, 0.009523828197982462, 0.009523828197982462]], [[0.9523808590100877, 0.009523828197982462, 0.009523828197982462, 0.009523828197982462, 0.009523828197982462, 0.009523828197982462], [0.8596421928981088, 0.07448578136301405, 0.03641965840132988, 0.009817455779182412, 0.009817455779182412, 0.009817455779182412], [0.011702715353624842, 0.10840210978930719, 0.009854820182284105, 0.009986954656303964, 0.8501985798361957, 0.009854820182284105], [0.24004114939459012, 0.7126330674802952, 0.009843601991861751, 0.017794977149529517, 0.009843601991861751, 0.009843601991861751], [0.8572541204342711, 0.10339540339165827, 0.009837619043517647, 0.009837619043517647, 0.009837619043517647, 0.009837619043517647], [0.009523828197982462, 0.009523828197982462, 0.009523828197982462, 0.009523828197982462, 0.009523828197982462, 0.9523808590100877], [0.009523828197982462, 0.009523828197982462, 0.009523828197982462, 0.009523828197982462, 0.009523828197982462, 0.9523808590100877], [0.334674146920212, 0.626149932172141, 0.009793980226911728, 0.009793980226911728, 0.009793980226911728, 0.009793980226911728], [0.014655466109524952, 0.03586158635195423, 0.00981907394847738, 0.00981907394847738, 0.9200257256930887, 0.00981907394847738], [0.009523828197982462, 0.009523828197982462, 0.009523828197982462, 0.009523828197982462, 0.009523828197982462, 0.9523808590100877], [0.012134835298755734, 0.028220436981939826, 0.009780891109127611, 0.009780891109127611, 0.9303020543919215, 0.009780891109127611], [0.011203754229832297, 0.024849392078823605, 0.009770561194648981, 0.009770561194648981, 0.9346351701073972, 0.009770561194648981], [0.9403205632417445, 0.020833153038701435, 0.009711570929888528, 0.009711570929888528, 0.009711570929888528, 0.009711570929888528], [0.00990263127258585, 0.026873000116469335, 0.009761915552384554, 0.009761915552384554, 0.9339386219537911, 0.009761915552384554], [0.9402283444155917, 0.020954748049615307, 0.009704226883698293, 0.009704226883698293, 0.009704226883698293, 0.009704226883698293], [0.009933113405227649, 0.6087934929101445, 0.009753933041580759, 0.009753933041580759, 0.3520115945598855, 0.009753933041580759], [0.9173351791814615, 0.04385207608908185, 0.009703186182364175, 0.009703186182364175, 0.009703186182364175, 0.009703186182364175], [0.8898476129744952, 0.07131514931821938, 0.009709309426821348, 0.009709309426821348, 0.009709309426821348, 0.009709309426821348], [0.8792108184181865, 0.08185747739810262, 0.00973292604592773, 0.00973292604592773, 0.00973292604592773, 0.00973292604592773], [0.013281302054109153, 0.6756310713337119, 0.009773660927771263, 0.009773660927771263, 0.28176664382886496, 0.009773660927771263], [0.01515686408579247, 0.10869008655932191, 0.009784347142309299, 0.009784347142309299, 0.8468000079279577, 0.009784347142309299], [0.8760409410780515, 0.08507875986469275, 0.009720074764313932, 0.009720074764313932, 0.009720074764313932, 0.009720074764313932], [0.8646209850381344, 0.0965371849033673, 0.009710457514624583, 0.009710457514624583, 0.009710457514624583, 0.009710457514624583], [0.011772587669748995, 0.6563175834714313, 0.009778063526236388, 0.009778063526236388, 0.30257563828011064, 0.009778063526236388], [0.010819935410604706, 0.05959086821741704, 0.009751573271918236, 0.009751573271918236, 0.9003344765562236, 0.009751573271918236], [0.8915030147765807, 0.06974290071391988, 0.009688521127374845, 0.009688521127374845, 0.009688521127374845, 0.009688521127374845], [0.30115452586186087, 0.6600809638616734, 0.009691127569116463, 0.009691127569116463, 0.009691127569116463, 0.009691127569116463], [0.2841090576891109, 0.6769938908814319, 0.009724262857364316, 0.009724262857364316, 0.009724262857364316, 0.009724262857364316], [0.8489085178979857, 0.11213116301903756, 0.009740079770744214, 0.009740079770744214, 0.009740079770744214, 0.009740079770744214], [0.2559319586479181, 0.7048503274407765, 0.009804428477826385, 0.009804428477826385, 0.009804428477826385, 0.009804428477826385], [0.07583318427073718, 0.8574164726379206, 0.0097900305428207, 0.0097900305428207, 0.03738025146287993, 0.0097900305428207], [0.8085244823737879, 0.15240683359233131, 0.009767171008470209, 0.009767171008470209, 0.009767171008470209, 0.009767171008470209], [0.01588288416345332, 0.6812668621238772, 0.00984053695308109, 0.021540317757841057, 0.2616288620486663, 0.00984053695308109], [0.8846211090388618, 0.0764411510349372, 0.009734434981550239, 0.009734434981550239, 0.009734434981550239, 0.009734434981550239], [0.8976905113822674, 0.06334596880075603, 0.009740879954244133, 0.009740879954244133, 0.009740879954244133, 0.009740879954244133], [0.9320742676076569, 0.02897269902078524, 0.009738258342889486, 0.009738258342889486, 0.009738258342889486, 0.009738258342889486], [0.932693162701379, 0.02833794376545712, 0.009742223383290954, 0.009742223383290954, 0.009742223383290954, 0.009742223383290954], [0.009772511345978356, 0.020899494777460795, 0.009772511345978356, 0.009772511345978356, 0.9400104598386257, 0.009772511345978356], [0.9474426803773661, 0.01364348396768546, 0.00972845891373713, 0.00972845891373713, 0.00972845891373713, 0.00972845891373713], [0.9523808590100877, 0.009523828197982462, 0.009523828197982462, 0.009523828197982462, 0.009523828197982462, 0.009523828197982462]], [[0.9523808590100877, 0.009523828197982462, 0.009523828197982462, 0.009523828197982462, 0.009523828197982462, 0.009523828197982462], [0.010532719592894188, 0.08110074861250725, 0.6068300958451444, 0.009871501896641018, 0.2817934321561722, 0.009871501896641018], [0.010959844687820998, 0.10912292729376127, 0.009806999965414707, 0.009806999965414707, 0.8504962281221736, 0.009806999965414707], [0.857002793687573, 0.10376670062377868, 0.00980762642216207, 0.00980762642216207, 0.00980762642216207, 0.00980762642216207], [0.8810694765483417, 0.07893279917068771, 0.009825772302266455, 0.010520407374171339, 0.009825772302266455, 0.009825772302266455], [0.009523828197982462, 0.009523828197982462, 0.009523828197982462, 0.009523828197982462, 0.009523828197982462, 0.9523808590100877], [0.009523828197982462, 0.009523828197982462, 0.009523828197982462, 0.009523828197982462, 0.009523828197982462, 0.9523808590100877], [0.009523828197982462, 0.009523828197982462, 0.009523828197982462, 0.009523828197982462, 0.009523828197982462, 0.9523808590100877], [0.009523828197982462, 0.009523828197982462, 0.009523828197982462, 0.009523828197982462, 0.009523828197982462, 0.9523808590100877], [0.012109930344905933, 0.03259024468925365, 0.00979525526531584, 0.00979525526531584, 0.9259140591698929, 0.00979525526531584], [0.9321173123229666, 0.028942420231027666, 0.009735066861501445, 0.009735066861501445, 0.009735066861501445, 0.009735066861501445], [0.9292167599013315, 0.03194698488770943, 0.009709063802739773, 0.009709063802739773, 0.009709063802739773, 0.009709063802739773], [0.9410537780722764, 0.01994584476286399, 0.009750094291214893, 0.009750094291214893, 0.009750094291214893, 0.009750094291214893], [0.941776405647548, 0.019426719117555512, 0.009699218808724123, 0.009699218808724123, 0.009699218808724123, 0.009699218808724123], [0.9367189979182506, 0.024496570116380886, 0.009696107991342117, 0.009696107991342117, 0.009696107991342117, 0.009696107991342117], [0.009741816195044153, 0.027799069251185, 0.009741816195044153, 0.009741816195044153, 0.9332336659686384, 0.009741816195044153], [0.00975395518415692, 0.05199667049731603, 0.00975395518415692, 0.00975395518415692, 0.9089875087660564, 0.00975395518415692], [0.9153208657667115, 0.04588068097429938, 0.009699613314747295, 0.009699613314747295, 0.009699613314747295, 0.009699613314747295], [0.8747377327914502, 0.08645379768458247, 0.009702117380991858, 0.009702117380991858, 0.009702117380991858, 0.009702117380991858], [0.30923946157946286, 0.6517120816504387, 0.00976211419252461, 0.00976211419252461, 0.00976211419252461, 0.00976211419252461], [0.8771626630391693, 0.08393628632097937, 0.009725262659962819, 0.009725262659962819, 0.009725262659962819, 0.009725262659962819], [0.869623296918059, 0.0914672859410049, 0.009727354285234042, 0.009727354285234042, 0.009727354285234042, 0.009727354285234042], [0.011124637670035608, 0.6406285075928985, 0.009823623862039058, 0.011127071387565567, 0.3174725356254222, 0.009823623862039058], [0.9023509399758936, 0.05887859482614997, 0.009692616299489119, 0.009692616299489119, 0.009692616299489119, 0.009692616299489119], [0.9056538845370349, 0.05559238430831594, 0.009688432788662308, 0.009688432788662308, 0.009688432788662308, 0.009688432788662308], [0.010029622373871156, 0.06272269997893927, 0.009741099026515416, 0.009741099026515416, 0.8980243805676433, 0.009741099026515416], [0.8980674055847656, 0.06317290767219763, 0.009689921685759217, 0.009689921685759217, 0.009689921685759217, 0.009689921685759217], [0.8596674763579967, 0.10152278254378314, 0.009702435274555056, 0.009702435274555056, 0.009702435274555056, 0.009702435274555056], [0.8318466965561744, 0.12904125421753598, 0.009778012306572378, 0.009778012306572378, 0.009778012306572378, 0.009778012306572378], [0.25338126798252103, 0.7076180540030798, 0.009750169503599837, 0.009750169503599837, 0.009750169503599837, 0.009750169503599837], [0.8133100332396191, 0.1476856265027714, 0.009751085064402342, 0.009751085064402342, 0.009751085064402342, 0.009751085064402342], [0.016385593819197117, 0.1546986642229046, 0.009774564995694545, 0.009774564995694545, 0.7995920469708147, 0.009774564995694545], [0.8411194455699282, 0.11983320000389779, 0.009761838606543505, 0.009761838606543505, 0.009761838606543505, 0.009761838606543505], [0.014254013054657379, 0.10462815036078171, 0.009805127385206761, 0.009805127385206761, 0.8517024544289407, 0.009805127385206761], [0.9111334023885286, 0.049822416000851986, 0.00976104540265487, 0.00976104540265487, 0.00976104540265487, 0.00976104540265487], [0.9300781432916618, 0.03101078338229433, 0.00972776833151096, 0.00972776833151096, 0.00972776833151096, 0.00972776833151096], [0.010840142552459284, 0.030125316713160332, 0.009801182405838079, 0.009801182405838079, 0.9296309935168662, 0.009801182405838079], [0.9337132977488456, 0.027477131723478387, 0.009702392631918992, 0.009702392631918992, 0.009702392631918992, 0.009702392631918992], [0.9429573753077557, 0.01809106675899193, 0.009737889483313103, 0.009737889483313103, 0.009737889483313103, 0.009737889483313103], [0.9523808590100877, 0.009523828197982462, 0.009523828197982462, 0.009523828197982462, 0.009523828197982462, 0.009523828197982462]], [[0.9523808590100877, 0.009523828197982462, 0.009523828197982462, 0.009523828197982462, 0.009523828197982462, 0.009523828197982462], [0.3258657415640423, 0.6347140855022044, 0.009855043233438318, 0.009855043233438318, 0.009855043233438318, 0.009855043233438318], [0.2980059445226381, 0.6629525976788319, 0.009760364449632505, 0.009760364449632505, 0.009760364449632505, 0.009760364449632505], [0.26378648741522626, 0.678181109846268, 0.009831778349481263, 0.02853706769006208, 0.009831778349481263, 0.009831778349481263], [0.2915082214825432, 0.6619631945948169, 0.00982160517428536, 0.017063768399783796, 0.00982160517428536, 0.00982160517428536], [0.3401467247376524, 0.6205772658617342, 0.009819002350153363, 0.009819002350153363, 0.009819002350153363, 0.009819002350153363], [0.9204085536599668, 0.04036161572526063, 0.00980745765369316, 0.00980745765369316, 0.00980745765369316, 0.00980745765369316], [0.009523828197982462, 0.009523828197982462, 0.009523828197982462, 0.009523828197982462, 0.009523828197982462, 0.9523808590100877], [0.009523828197982462, 0.009523828197982462, 0.009523828197982462, 0.009523828197982462, 0.009523828197982462, 0.9523808590100877], [0.9199937239738081, 0.04113121357465128, 0.009718765612885177, 0.009718765612885177, 0.009718765612885177, 0.009718765612885177], [0.010823082402379069, 0.04465363918554668, 0.009760430010908967, 0.009760430010908967, 0.9152419883793474, 0.009760430010908967], [0.9316256738115377, 0.02956294274836661, 0.009702845860023963, 0.009702845860023963, 0.009702845860023963, 0.009702845860023963], [0.9347868815452786, 0.026421322008552905, 0.009697949111542146, 0.009697949111542146, 0.009697949111542146, 0.009697949111542146], [0.009743505162721678, 0.02148209775507936, 0.009743505162721678, 0.009743505162721678, 0.9395438815940338, 0.009743505162721678], [0.009744452635613682, 0.021675667453525758, 0.009744452635613682, 0.009744452635613682, 0.9393465220040195, 0.009744452635613682], [0.9328857378830516, 0.02836462313638028, 0.009687409745142012, 0.009687409745142012, 0.009687409745142012, 0.009687409745142012], [0.9326754596931383, 0.02856687962914357, 0.009689415169429545, 0.009689415169429545, 0.009689415169429545, 0.009689415169429545], [0.9098438622022819, 0.051393132410417534, 0.009690751346825168, 0.009690751346825168, 0.009690751346825168, 0.009690751346825168], [0.9108334349213226, 0.0504023040681886, 0.009691065252622184, 0.009691065252622184, 0.009691065252622184, 0.009691065252622184], [0.8764573375911782, 0.08472245003031911, 0.009705053094625693, 0.009705053094625693, 0.009705053094625693, 0.009705053094625693], [0.011930955870121784, 0.6597308853659217, 0.009760409609527308, 0.009760409609527308, 0.2990569299353745, 0.009760409609527308], [0.884490823743491, 0.07672161535564535, 0.009696890225215913, 0.009696890225215913, 0.009696890225215913, 0.009696890225215913], [0.32835054962593574, 0.6328984915129995, 0.009687739715266168, 0.009687739715266168, 0.009687739715266168, 0.009687739715266168], [0.010430775948988918, 0.04581930007532026, 0.00974932822676674, 0.00974932822676674, 0.9145019392953907, 0.00974932822676674], [0.5828196774391284, 0.05096180135409751, 0.009745527090566438, 0.009745527090566438, 0.33698193993507475, 0.009745527090566438], [0.5831004943089526, 0.05217036841880954, 0.009742349758966228, 0.009742349758966228, 0.33550208799533