{"round_id": "b0f9d1bf-4b71-4e6e-816c-19c718d29056", "predictions": {"0": [[[0.9523807278676467, 0.00952385442647066, 0.00952385442647066, 0.00952385442647066, 0.00952385442647066, 0.00952385442647066], [0.9523807278676467, 0.00952385442647066, 0.00952385442647066, 0.00952385442647066, 0.00952385442647066, 0.00952385442647066], [0.9523807278676467, 0.00952385442647066, 0.00952385442647066, 0.00952385442647066, 0.00952385442647066, 0.00952385442647066], [0.9523807278676467, 0.00952385442647066, 0.00952385442647066, 0.00952385442647066, 0.00952385442647066, 0.00952385442647066], [0.9523807278676467, 0.00952385442647066, 0.00952385442647066, 0.00952385442647066, 0.00952385442647066, 0.00952385442647066], [0.9523807278676467, 0.00952385442647066, 0.00952385442647066, 0.00952385442647066, 0.00952385442647066, 0.00952385442647066], [0.9523807278676467, 0.00952385442647066, 0.00952385442647066, 0.00952385442647066, 0.00952385442647066, 0.00952385442647066], [0.9523807278676467, 0.00952385442647066, 0.00952385442647066, 0.00952385442647066, 0.00952385442647066, 0.00952385442647066], [0.9523807278676467, 0.00952385442647066, 0.00952385442647066, 0.00952385442647066, 0.00952385442647066, 0.00952385442647066], [0.9523807278676467, 0.00952385442647066, 0.00952385442647066, 0.00952385442647066, 0.00952385442647066, 0.00952385442647066], [0.9523807278676467, 0.00952385442647066, 0.00952385442647066, 0.00952385442647066, 0.00952385442647066, 0.00952385442647066], [0.9523807278676467, 0.00952385442647066, 0.00952385442647066, 0.00952385442647066, 0.00952385442647066, 0.00952385442647066], [0.9523807278676467, 0.00952385442647066, 0.00952385442647066, 0.00952385442647066, 0.00952385442647066, 0.00952385442647066], [0.9523807278676467, 0.00952385442647066, 0.00952385442647066, 0.00952385442647066, 0.00952385442647066, 0.00952385442647066], [0.9523807278676467, 0.00952385442647066, 0.00952385442647066, 0.00952385442647066, 0.00952385442647066, 0.00952385442647066], [0.9523807278676467, 0.00952385442647066, 0.00952385442647066, 0.00952385442647066, 0.00952385442647066, 0.00952385442647066], [0.9523807278676467, 0.00952385442647066, 0.00952385442647066, 0.00952385442647066, 0.00952385442647066, 0.00952385442647066], [0.9523807278676467, 0.00952385442647066, 0.00952385442647066, 0.00952385442647066, 0.00952385442647066, 0.00952385442647066], [0.9523807278676467, 0.00952385442647066, 0.00952385442647066, 0.00952385442647066, 0.00952385442647066, 0.00952385442647066], [0.9523807278676467, 0.00952385442647066, 0.00952385442647066, 0.00952385442647066, 0.00952385442647066, 0.00952385442647066], [0.9523807278676467, 0.00952385442647066, 0.00952385442647066, 0.00952385442647066, 0.00952385442647066, 0.00952385442647066], [0.9523807278676467, 0.00952385442647066, 0.00952385442647066, 0.00952385442647066, 0.00952385442647066, 0.00952385442647066], [0.9523807278676467, 0.00952385442647066, 0.00952385442647066, 0.00952385442647066, 0.00952385442647066, 0.00952385442647066], [0.9523807278676467, 0.00952385442647066, 0.00952385442647066, 0.00952385442647066, 0.00952385442647066, 0.00952385442647066], [0.9523807278676467, 0.00952385442647066, 0.00952385442647066, 0.00952385442647066, 0.00952385442647066, 0.00952385442647066], [0.9523807278676467, 0.00952385442647066, 0.00952385442647066, 0.00952385442647066, 0.00952385442647066, 0.00952385442647066], [0.9523807278676467, 0.00952385442647066, 0.00952385442647066, 0.00952385442647066, 0.00952385442647066, 0.00952385442647066], [0.9523807278676467, 0.00952385442647066, 0.00952385442647066, 0.00952385442647066, 0.00952385442647066, 0.00952385442647066], [0.9523807278676467, 0.00952385442647066, 0.00952385442647066, 0.00952385442647066, 0.00952385442647066, 0.00952385442647066], [0.9523807278676467, 0.00952385442647066, 0.00952385442647066, 0.00952385442647066, 0.00952385442647066, 0.00952385442647066], [0.9523807278676467, 0.00952385442647066, 0.00952385442647066, 0.00952385442647066, 0.00952385442647066, 0.00952385442647066], [0.9523807278676467, 0.00952385442647066, 0.00952385442647066, 0.00952385442647066, 0.00952385442647066, 0.00952385442647066], [0.9523807278676467, 0.00952385442647066, 0.00952385442647066, 0.00952385442647066, 0.00952385442647066, 0.00952385442647066], [0.9523807278676467, 0.00952385442647066, 0.00952385442647066, 0.00952385442647066, 0.00952385442647066, 0.00952385442647066], [0.9523807278676467, 0.00952385442647066, 0.00952385442647066, 0.00952385442647066, 0.00952385442647066, 0.00952385442647066], [0.9523807278676467, 0.00952385442647066, 0.00952385442647066, 0.00952385442647066, 0.00952385442647066, 0.00952385442647066], [0.9523807278676467, 0.00952385442647066, 0.00952385442647066, 0.00952385442647066, 0.00952385442647066, 0.00952385442647066], [0.9523807278676467, 0.00952385442647066, 0.00952385442647066, 0.00952385442647066, 0.00952385442647066, 0.00952385442647066], [0.9523807278676467, 0.00952385442647066, 0.00952385442647066, 0.00952385442647066, 0.00952385442647066, 0.00952385442647066], [0.9523807278676467, 0.00952385442647066, 0.00952385442647066, 0.00952385442647066, 0.00952385442647066, 0.00952385442647066]], [[0.9523807278676467, 0.00952385442647066, 0.00952385442647066, 0.00952385442647066, 0.00952385442647066, 0.00952385442647066], [0.030728351380146353, 0.12461070327586984, 0.021828860169948304, 0.009879869307918473, 0.8030723465581986, 0.009879869307918473], [0.7842689371527328, 0.15385986527637166, 0.026806210553146848, 0.00985952823013489, 0.01534593055747891, 0.00985952823013489], [0.02482043743127768, 0.20851470867786767, 0.06897635942046479, 0.009872196346151886, 0.677944101778086, 0.009872196346151886], [0.6711845952074093, 0.21274834723489625, 0.05843511734166023, 0.009862897962696252, 0.037906144290641736, 0.009862897962696252], [0.05013676739256287, 0.1807648510266604, 0.09400311905498708, 0.012816520479167549, 0.6523571285172461, 0.009921613529376061], [0.6471441932711558, 0.20987447196745498, 0.08136859944953438, 0.02690219624308324, 0.024790857114722002, 0.009919681954049585], [0.5947015771116155, 0.25000441629995535, 0.09691132373909352, 0.015379697680276968, 0.03308020399286252, 0.009922781176196124], [0.050649904199808075, 0.25706574709970653, 0.0727588676583352, 0.015614065757188397, 0.5939877232003561, 0.009923692084605765], [0.6814345555403355, 0.20922040222600286, 0.05638838972881117, 0.011817967331375787, 0.03122129885450148, 0.009917386318973296], [0.09346338021506849, 0.2714567856180818, 0.0970380679449812, 0.009886379398182992, 0.5182690074255026, 0.009886379398182992], [0.6651569204686709, 0.20843934920154775, 0.08682376735467877, 0.012477395099559502, 0.01718102157545628, 0.009921546300086783], [0.660248780315194, 0.1827396888847435, 0.08138248574180093, 0.012188781991720566, 0.05352052915158966, 0.00991973391495144], [0.6683214327986571, 0.2330844167963426, 0.0541836194973394, 0.009874926265208184, 0.024660678377244498, 0.009874926265208184], [0.05555352433791011, 0.23004213990936656, 0.05282906184049046, 0.021753799439028762, 0.6298908435701204, 0.00993063090308377], [0.673301934567212, 0.20445059907383967, 0.07786844014274183, 0.009871396809457884, 0.024636232597290843, 0.009871396809457884], [0.6885569253102017, 0.21599695414311515, 0.04213651186119749, 0.012013620982625716, 0.03137743654417178, 0.009918551158688296], [0.06426628779500011, 0.17156237827538293, 0.03676856544982114, 0.020654178681337256, 0.6968240386513909, 0.00992455114706757], [0.8097461337937176, 0.10627991324333377, 0.028206268374163995, 0.012187201957130024, 0.03366049745538577, 0.009919985176268836], [0.8338705015205002, 0.08834040432403882, 0.0349256533450238, 0.00986484181781649, 0.023133757174804277, 0.00986484181781649], [0.8865753111530288, 0.06396710678124407, 0.019931118264141526, 0.009842154600528537, 0.009842154600528537, 0.009842154600528537], [0.8958183135003932, 0.062417023178968196, 0.012265786214293847, 0.009832959035448246, 0.009832959035448246, 0.009832959035448246], [0.013594899260810636, 0.04707140656949577, 0.009817401763051124, 0.009817401763051124, 0.9098814888805403, 0.009817401763051124], [0.9081803369576248, 0.052750773058528475, 0.009767222495961684, 0.009767222495961684, 0.009767222495961684, 0.009767222495961684], [0.9070620680228584, 0.04721773288087197, 0.011764788851028187, 0.009852377740630604, 0.014250654763980396, 0.009852377740630604], [0.9049191226165356, 0.05600089354857385, 0.009769995958722633, 0.009769995958722633, 0.009769995958722633, 0.009769995958722633], [0.02865035398818195, 0.08798864197484338, 0.011366890627336005, 0.00985100632103211, 0.8522921007675744, 0.00985100632103211], [0.02117183249191673, 0.11194290619645349, 0.01796484750908512, 0.009844366069990597, 0.8292316816625633, 0.009844366069990597], [0.029801610836756198, 0.14648518159146898, 0.06175734588704229, 0.009844542273683587, 0.7422667771373652, 0.009844542273683587], [0.04649057351719495, 0.1931035049952702, 0.055446926053745425, 0.009854792435538332, 0.6852494105627127, 0.009854792435538332], [0.7045517280512202, 0.21167149680171604, 0.026282284228711008, 0.009854904801831349, 0.037784681314690025, 0.009854904801831349], [0.7005545463251313, 0.17445321511965198, 0.05769215674898166, 0.009876028905472732, 0.047548023995289575, 0.009876028905472732], [0.747640603127494, 0.14864064411322594, 0.051047057231023284, 0.009881033438561575, 0.032909628651133414, 0.009881033438561575], [0.5971655503697387, 0.22060257040632655, 0.12561889025621972, 0.013374972143410033, 0.03331254301909189, 0.009925473805213018], [0.5839561706900543, 0.19674268893247895, 0.1638833710654265, 0.020172295627485227, 0.02532347143599323, 0.009922002248561707], [0.0338620834612866, 0.21643446213316597, 0.058588596142196935, 0.00988363967201887, 0.6713475789193128, 0.00988363967201887], [0.7352033742232319, 0.17267446408695883, 0.04186346381713452, 0.009862089529307144, 0.030534518814060302, 0.009862089529307144], [0.7583128553822495, 0.1562966355731, 0.02773203292292353, 0.00986604214838017, 0.03792639182496667, 0.00986604214838017], [0.8010439862086014, 0.124115728771894, 0.035620326324865434, 0.01940853469338585, 0.009905712000626699, 0.009905712000626699], [0.9523807278676467, 0.00952385442647066, 0.00952385442647066, 0.00952385442647066, 0.00952385442647066, 0.00952385442647066]], [[0.9523807278676467, 0.00952385442647066, 0.00952385442647066, 0.00952385442647066, 0.00952385442647066, 0.00952385442647066], [0.7561751966589955, 0.17781254382026188, 0.02805510107771531, 0.012014673323820797, 0.016023119369387467, 0.00991936574981918], [0.7317470019284064, 0.21403495655892554, 0.009868876065907192, 0.01873915738225558, 0.015741131998597974, 0.009868876065907192], [0.6495510277601462, 0.27672826640105974, 0.00980168573461668, 0.00980168573461668, 0.044315648634943965, 0.00980168573461668], [0.5928385571654595, 0.31130051918041357, 0.009804765308618454, 0.009804765308618454, 0.06644662772827133, 0.009804765308618454], [0.5469798054916006, 0.37648859581326044, 0.009859034699292092, 0.01854479826143637, 0.03826873103511849, 0.009859034699292092], [0.5778229115004397, 0.3581540848074377, 0.009872510968875018, 0.012046395971648487, 0.032231585782724, 0.009872510968875018], [0.2598865254800668, 0.4643869433869947, 0.009748931641576713, 0.03992318924944717, 0.21630547860033772, 0.009748931641576713], [0.6071188556903165, 0.3367618459906609, 0.009867425833810919, 0.011761021250262958, 0.02462342540113787, 0.009867425833810919], [0.5406472584296537, 0.3601141384576918, 0.009868591366750293, 0.04801975610875695, 0.03148166427039705, 0.009868591366750293], [0.5524990479932206, 0.36383639953989005, 0.009860518828789031, 0.01856129627632015, 0.04538221853299135, 0.009860518828789031], [0.5243001658728605, 0.3447313276122426, 0.009874549803626214, 0.03615336469722922, 0.07506604221041523, 0.009874549803626214], [0.6001759935006076, 0.31290662793522983, 0.009867514359519542, 0.043090885463957423, 0.024091464381166185, 0.009867514359519542], [0.5764470238728955, 0.3454831628171624, 0.009871912287101957, 0.019190679030281578, 0.03913530970545638, 0.009871912287101957], [0.2914231140178849, 0.44816645218501727, 0.009814833837755119, 0.009814833837755119, 0.23096593228383236, 0.009814833837755119], [0.07471988867674494, 0.35253918831236697, 0.009878759911293437, 0.012619660175027858, 0.5403637430132734, 0.009878759911293437], [0.6013212115609541, 0.29575364438213014, 0.009796186526230101, 0.009796186526230101, 0.07353658447822546, 0.009796186526230101], [0.6672170815869445, 0.24719522159176613, 0.00985343923967156, 0.018323813737420595, 0.04755700460452563, 0.00985343923967156], [0.6763135058912233, 0.24857587139500822, 0.009853524770187316, 0.018203095549542678, 0.03720047762385113, 0.009853524770187316], [0.827063393538113, 0.13387322815238617, 0.009765844577375189, 0.009765844577375189, 0.009765844577375189, 0.009765844577375189], [0.8591440981733127, 0.10181404198845097, 0.009760464959559107, 0.009760464959559107, 0.009760464959559107, 0.009760464959559107], [0.8983936872918322, 0.06264140808429383, 0.009741226155968494, 0.009741226155968494, 0.009741226155968494, 0.009741226155968494], [0.8963176413967825, 0.06131404595761265, 0.009771037468633913, 0.009771037468633913, 0.013055200239703014, 0.009771037468633913], [0.8933371979527247, 0.06770415735202008, 0.009739661173813837, 0.009739661173813837, 0.009739661173813837, 0.009739661173813837], [0.8843138358605531, 0.07673038878831423, 0.009738943837783178, 0.009738943837783178, 0.009738943837783178, 0.009738943837783178], [0.8639799075222435, 0.09306293645582973, 0.009778952549048326, 0.009778952549048326, 0.013620298374781691, 0.009778952549048326], [0.8457769032342518, 0.11530475779100778, 0.009729584743685087, 0.009729584743685087, 0.009729584743685087, 0.009729584743685087], [0.7458824636575846, 0.20431731814025825, 0.009767319340406398, 0.009767319340406398, 0.02049826018093794, 0.009767319340406398], [0.037381594272491034, 0.24396728854658759, 0.00977709945998733, 0.00977709945998733, 0.6893198188009594, 0.00977709945998733], [0.03911953865546136, 0.21374611667801746, 0.009784189442232458, 0.009784189442232458, 0.7177817763398238, 0.009784189442232458], [0.05689435565849666, 0.24061482453954394, 0.009811105940429473, 0.009811105940429473, 0.6730575019806709, 0.009811105940429473], [0.2680710543950454, 0.5235691568005887, 0.009751091221774045, 0.037729187323380674, 0.1511284190374371, 0.009751091221774045], [0.10550090172191841, 0.31148646874013486, 0.00990535183438856, 0.021317383919923, 0.5418845419492467, 0.00990535183438856], [0.6219556518858543, 0.319820683299003, 0.009887543963912351, 0.02013563882747128, 0.01831293805984673, 0.009887543963912351], [0.6255776271873392, 0.31721816908861167, 0.00987797827979411, 0.012336298110426452, 0.025111949054034254, 0.00987797827979411], [0.6054026796900621, 0.3466922401523061, 0.00986880499834079, 0.011712087088056133, 0.016455383072894, 0.00986880499834079], [0.6432850500076635, 0.3047118291196927, 0.009798767711562118, 0.009798767711562118, 0.02260681773795739, 0.009798767711562118], [0.024770299079727092, 0.2653866210161622, 0.009877237005560055, 0.012162131069805841, 0.6779264748231847, 0.009877237005560055], [0.0483185276046873, 0.11998104543307446, 0.04328579590403964, 0.009876007513001234, 0.7686626160321962, 0.009876007513001234], [0.9523807278676467, 0.00952385442647066, 0.00952385442647066, 0.00952385442647066, 0.00952385442647066, 0.00952385442647066]], [[0.9523807278676467, 0.00952385442647066, 0.00952385442647066, 0.00952385442647066, 0.00952385442647066, 0.00952385442647066], [0.7680529278373756, 0.15090516849279403, 0.04270787224810919, 0.012054548250230697, 0.016360300412476228, 0.00991918275901441], [0.6573199751075874, 0.2835792743307561, 0.009796680884799241, 0.009796680884799241, 0.029710707907258726, 0.009796680884799241], [0.0604881591511041, 0.34257794293445426, 0.009820361559720825, 0.009820361559720825, 0.5674728132352792, 0.009820361559720825], [0.06836168920114344, 0.3887872295525203, 0.009855825609553006, 0.012806381830190757, 0.5103330481970395, 0.009855825609553006], [0.5204410082005259, 0.405068988183205, 0.009846295791343275, 0.014406767676179395, 0.04039064435740323, 0.009846295791343275], [0.5556821128228728, 0.34606056380121764, 0.009794669820900943, 0.009794669820900943, 0.06887331391320668, 0.009794669820900943], [0.07295321662476079, 0.38626813688653205, 0.009868274753311448, 0.023618210656551883, 0.49742388632553247, 0.009868274753311448], [0.5458839390098433, 0.3451785409328772, 0.00985117158881092, 0.012320385412699038, 0.0769147914669586, 0.00985117158881092], [0.5475986498246846, 0.36552009766257576, 0.00985139091026927, 0.012295614789407825, 0.05488285590279313, 0.00985139091026927], [0.07797458258332114, 0.3810060402447988, 0.009866228906883386, 0.01364981422522313, 0.5076371051328901, 0.009866228906883386], [0.5812939373716005, 0.3445831406110269, 0.009863936069102358, 0.027638248101045332, 0.02675680177812243, 0.009863936069102358], [0.5704617045549988, 0.3483303805869708, 0.009860322615087914, 0.012923065757449009, 0.04856420387040556, 0.009860322615087914], [0.616326639876281, 0.30878632491123487, 0.009865337724254443, 0.035065624875455566, 0.02009073488851979, 0.009865337724254443], [0.572267235875088, 0.3070727884007477, 0.00987288288805946, 0.021288322057276998, 0.0796258878907684, 0.00987288288805946], [0.5716750227922976, 0.35462482315648763, 0.009855176361105392, 0.012679132745829403, 0.04131066858317448, 0.009855176361105392], [0.5467559513019713, 0.3671009241287812, 0.009846865853497342, 0.011961322742252983, 0.05448807011999982, 0.009846865853497342], [0.6643931589933686, 0.27414855650878517, 0.009783886501659214, 0.009783886501659214, 0.032106624992868704, 0.009783886501659214], [0.054412050370826685, 0.3591694865132594, 0.009797540124926443, 0.009797540124926443, 0.5570258427411345, 0.009797540124926443], [0.7312377744096721, 0.19443989676887022, 0.009776083493258265, 0.009776083493258265, 0.04499407834168287, 0.009776083493258265], [0.7853737031522361, 0.17561762338532338, 0.009752168365610128, 0.009752168365610128, 0.009752168365610128, 0.009752168365610128], [0.02376056965681019, 0.14780983774037196, 0.009775320216112037, 0.009775320216112037, 0.7991036319544818, 0.009775320216112037], [0.9007740790649966, 0.06023972177289505, 0.009746549790527059, 0.009746549790527059, 0.009746549790527059, 0.009746549790527059], [0.02268068452588125, 0.12439186989553025, 0.009776842207150856, 0.009776842207150856, 0.8235969189571359, 0.009776842207150856], [0.015753982753760637, 0.09710083879308866, 0.009774956015115967, 0.009774956015115967, 0.8578203104078027, 0.009774956015115967], [0.8774746470536305, 0.08349088165156113, 0.009758617823702105, 0.009758617823702105, 0.009758617823702105, 0.009758617823702105], [0.024279604811140755, 0.11949415371778445, 0.0097810858185899, 0.0097810858185899, 0.8268829840153051, 0.0097810858185899], [0.8384944726960747, 0.12253012576627793, 0.009743850384411844, 0.009743850384411844, 0.009743850384411844, 0.009743850384411844], [0.7115017265937071, 0.23700306650018982, 0.009764092963550068, 0.009764092963550068, 0.02220292801545274, 0.009764092963550068], [0.041771424236763215, 0.24975028490558282, 0.009775208075753914, 0.009775208075753914, 0.6791526666303923, 0.009775208075753914], [0.6858082463178695, 0.2663072736123904, 0.009770881894240033, 0.009770881894240033, 0.018571834387019853, 0.009770881894240033], [0.5937223809552352, 0.31408332935669186, 0.009804882822651167, 0.009804882822651167, 0.06277964122011945, 0.009804882822651167], [0.5768834453428915, 0.3445865661524251, 0.009822593079832182, 0.009822593079832182, 0.04906220926518702, 0.009822593079832182], [0.5263096021583236, 0.4051567200043374, 0.00986741139556347, 0.013625081772606325, 0.03517377327360566, 0.00986741139556347], [0.11650617406183306, 0.37615058895887893, 0.0098722130035969, 0.02893395261527043, 0.45866485835682375, 0.0098722130035969], [0.6351445676222011, 0.27043459686110705, 0.00985214689335687, 0.019680206820841067, 0.055036334909137084, 0.00985214689335687], [0.037723789431434736, 0.36994889124513564, 0.009854924546477762, 0.012709909527943661, 0.5599075607025306, 0.009854924546477762], [0.5742302879084206, 0.35947454311634064, 0.009791532251998506, 0.009791532251998506, 0.03692057221924322, 0.009791532251998506], [0.7413244925592569, 0.1675153499173864, 0.05595848741382266, 0.009857510606888964, 0.015486648895756064, 0.009857510606888964], [0.9523807278676467, 0.00952385442647066, 0.00952385442647066, 0.00952385442647066, 0.00952385442647066, 0.00952385442647066]], [[0.9523807278676467, 0.00952385442647066, 0.00952385442647066, 0.00952385442647066, 0.00952385442647066, 0.00952385442647066], [0.6438282852957363, 0.197831602301447, 0.08095888697944718, 0.020322033158695074, 0.04713523989053636, 0.009923952374138085], [0.6212134189479807, 0.316009204706515, 0.009870859982740345, 0.011769825301313956, 0.03126583107870976, 0.009870859982740345], [0.5607808328089247, 0.33840786820788127, 0.009874252020851763, 0.02128153026805291, 0.05978126467343754, 0.009874252020851763], [0.5506861882258124, 0.32977164374813767, 0.009855532435335487, 0.029600977058020044, 0.07023012609735896, 0.009855532435335487], [0.5308663264290223, 0.39879365197734407, 0.009804027465409284, 0.009804027465409284, 0.040927939197405644, 0.009804027465409284], [0.0420682344006912, 0.3838794688168258, 0.009854322348776345, 0.05632420438478686, 0.4980194477001434, 0.009854322348776345], [0.4888209309116605, 0.4196831033545698, 0.009801606063892358, 0.009801606063892358, 0.06209114754209244, 0.009801606063892358], [0.5189196428357601, 0.3947301801786656, 0.009847576999844765, 0.012011364490163016, 0.05464365849572164, 0.009847576999844765], [0.5253208753511289, 0.3876243377307839, 0.00985151528720373, 0.026802945868706976, 0.040548810474972684, 0.00985151528720373], [0.5941889607899381, 0.33262820952523403, 0.0098523435729155, 0.026933445045002086, 0.026544697493994632, 0.0098523435729155], [0.05581303875548663, 0.39275923123867956, 0.00984985291737433, 0.00984985291737433, 0.5218781712537108, 0.00984985291737433], [0.07822072308560327, 0.35664500750819916, 0.009874508676078982, 0.04322028129357013, 0.5021649707604695, 0.009874508676078982], [0.5166761121636794, 0.4202102907028594, 0.009816635992576442, 0.009816635992576442, 0.033663689155731744, 0.009816635992576442], [0.5274752142137438, 0.3898548925664925, 0.009864974164279245, 0.027905242734774467, 0.03503470215643081, 0.009864974164279245], [0.05281119437113717, 0.47036417314863216, 0.009843416791974972, 0.009843416791974972, 0.4472943821043059, 0.009843416791974972], [0.12575751922576225, 0.37637346499643776, 0.009852416614567327, 0.01995702923676202, 0.4582071533119033, 0.009852416614567327], [0.05640509749776756, 0.42054284121592567, 0.009796948322853532, 0.009796948322853532, 0.4936612163177463, 0.009796948322853532], [0.6914705268097748, 0.2557931764325254, 0.009768541574122297, 0.009768541574122297, 0.02343067203533271, 0.009768541574122297], [0.034954567957595176, 0.2506639522586622, 0.0097715757062874, 0.0097715757062874, 0.6850667526648803, 0.0097715757062874], [0.04764605079869911, 0.17714404375998577, 0.009767712908088077, 0.009767712908088077, 0.7459067667170509, 0.009767712908088077], [0.8794052394099264, 0.07712232861870226, 0.009757712342602731, 0.009757712342602731, 0.014199294943563081, 0.009757712342602731], [0.8699595938718996, 0.0910920053343565, 0.009737100198435964, 0.009737100198435964, 0.009737100198435964, 0.009737100198435964], [0.015779543510301194, 0.13409540348549773, 0.009769591625030457, 0.009769591625030457, 0.8208162781291096, 0.009769591625030457], [0.023408529643386765, 0.09066139510970776, 0.00977264242571938, 0.00977264242571938, 0.8566121479697473, 0.00977264242571938], [0.8435521495055204, 0.11200391015806706, 0.00977425959109257, 0.00977425959109257, 0.015121161563134694, 0.00977425959109257], [0.8164082936912727, 0.13940102125881737, 0.009770939748283195, 0.009770939748283195, 0.01487786580506039, 0.009770939748283195], [0.8309666880259913, 0.11774161118489618, 0.0097677373947661, 0.0097677373947661, 0.021988488604814185, 0.0097677373947661], [0.7565404822656887, 0.20447813080406496, 0.00974534673256157, 0.00974534673256157, 0.00974534673256157, 0.00974534673256157], [0.6311410445968778, 0.30262872809134106, 0.009764841668008558, 0.009764841668008558, 0.03693570230775544, 0.009764841668008558], [0.6224135837011064, 0.2706240200396359, 0.009830687403631333, 0.02520192963977391, 0.06209909181222108, 0.009830687403631333], [0.6114680897701278, 0.31116227736393676, 0.009836753582420235, 0.011246368893941046, 0.04644975680715399, 0.009836753582420235], [0.47509937550317644, 0.4624220353842086, 0.009799435783067372, 0.009799435783067372, 0.03308028176341283, 0.009799435783067372], [0.5487442638506305, 0.37232517401273785, 0.00982435534276372, 0.00982435534276372, 0.04945749610834047, 0.00982435534276372], [0.26837026772621325, 0.498143150815744, 0.009779013341414566, 0.025874371523863893, 0.18805418325134957, 0.009779013341414566], [0.5684966609354444, 0.34975662767250826, 0.009858472291253351, 0.02029818963094486, 0.041731577178595824, 0.009858472291253351], [0.5642260457047747, 0.3801233669063215, 0.009808003145669783, 0.009808003145669783, 0.026226577951894477, 0.009808003145669783], [0.5282928612594786, 0.39433132205885574, 0.009866153462369444, 0.011673785846568112, 0.04596972391035864, 0.009866153462369444], [0.6255925492932516, 0.21372317268863647, 0.10270451993068318, 0.009861965261966229, 0.03825582756349648, 0.009861965261966229], [0.9523807278676467, 0.00952385442647066, 0.00952385442647066, 0.00952385442647066, 0.00952385442647066, 0.00952385442647066]], [[0.9523807278676467, 0.00952385442647066, 0.00952385442647066, 0.00952385442647066, 0.00952385442647066, 0.00952385442647066], [0.605722563562388, 0.20884601455179302, 0.13256283277964057, 0.009887098317487799, 0.033094392471202855, 0.009887098317487799], [0.08210796568938789, 0.32000159654291005, 0.009902578300600332, 0.02827083904735495, 0.5498144421191463, 0.009902578300600332], [0.4970595433560744, 0.39441554495773373, 0.00988472761103147, 0.01499468753113567, 0.0737607689329931, 0.00988472761103147], [0.09964201134663776, 0.4364533640679688, 0.009882431897506861, 0.015124234919896727, 0.4290155258704831, 0.009882431897506861], [0.27639195699612473, 0.511194051219856, 0.009803492217106932, 0.009803492217106932, 0.18300351513269844, 0.009803492217106932], [0.5051968797012353, 0.38696657226372877, 0.009842523204028357, 0.011737518326316327, 0.07641398330066301, 0.009842523204028357], [0.07831508744915563, 0.3904810626782047, 0.009822138865215558, 0.009822138865215558, 0.5017374332769929, 0.009822138865215558], [0.07271621202529106, 0.3986516580208004, 0.009808708568118054, 0.009808708568118054, 0.49920600424955447, 0.009808708568118054], [0.5769316432353903, 0.36545975269034126, 0.009845506177504947, 0.011966651217951737, 0.025950940501306936, 0.009845506177504947], [0.2893161956877797, 0.3425223606255431, 0.009686944474641787, 0.15547494199169962, 0.1933126127456939, 0.009686944474641787], [0.6185237304723745, 0.33124467797384405, 0.009835533562428018, 0.009835533562428018, 0.02072499086649725, 0.009835533562428018], [0.6009120487884537, 0.2882828371664316, 0.009861099992863949, 0.0493181235473648, 0.04176479051202177, 0.009861099992863949], [0.509707125808942, 0.35786395127604864, 0.009862207513082432, 0.06386580916784057, 0.04883869872100406, 0.009862207513082432], [0.4527064476875795, 0.37653251232837404, 0.009871547790555067, 0.057403209528900524, 0.09361473487403586, 0.009871547790555067], [0.5092685316241946, 0.3763346552279933, 0.009874863867154313, 0.021577753701136817, 0.07306933171236671, 0.009874863867154313], [0.48069879217602934, 0.4475783841167166, 0.00981953747139313, 0.00981953747139313, 0.042264211293074644, 0.00981953747139313], [0.2946548486010071, 0.5237531946523774, 0.009789866407667339, 0.009789866407667339, 0.15222235752361366, 0.009789866407667339], [0.06956106619533779, 0.3024956131503492, 0.009784958876952491, 0.009784958876952491, 0.5985884440234555, 0.009784958876952491], [0.053990503613555375, 0.2176888115127828, 0.009775331926489264, 0.009775331926489264, 0.698994689094194, 0.009775331926489264], [0.7010989904922468, 0.2473499035013728, 0.009759989935865588, 0.009759989935865588, 0.02227113619878354, 0.009759989935865588], [0.694735306572776, 0.24691645524684805, 0.009759164855430302, 0.009759164855430302, 0.02907074361408489, 0.009759164855430302], [0.02512967926826339, 0.124624755781983, 0.009765299286324025, 0.009765299286324025, 0.8209496670907814, 0.009765299286324025], [0.01662919208049482, 0.15044741136820775, 0.00976699480393998, 0.00976699480393998, 0.8036224121394774, 0.00976699480393998], [0.7830490278543656, 0.16624782737023924, 0.009756897375538984, 0.009756897375538984, 0.021432452648778143, 0.009756897375538984], [0.7676442926633672, 0.1885013112486117, 0.009761079124457466, 0.009761079124457466, 0.01457115871464858, 0.009761079124457466], [0.8383605469244477, 0.1181505543444269, 0.009758279399841596, 0.009758279399841596, 0.01421406053160071, 0.009758279399841596], [0.7715129208835485, 0.18954780523160752, 0.009734818471210995, 0.009734818471210995, 0.009734818471210995, 0.009734818471210995], [0.046957529179535794, 0.23344706609400243, 0.00977287374402142, 0.00977287374402142, 0.6902767834943975, 0.00977287374402142], [0.019219584718643313, 0.1865867494193164, 0.009774783091936131, 0.009774783091936131, 0.7648693165862319, 0.009774783091936131], [0.6738465918538666, 0.26678399083737, 0.009768805002580792, 0.009768805002580792, 0.030063002301020967, 0.009768805002580792], [0.08048927141352322, 0.32627759528683165, 0.009786284843705433, 0.009786284843705433, 0.5638742787685288, 0.009786284843705433], [0.07455587075892792, 0.3617074673430862, 0.009801513102566804, 0.009801513102566804, 0.5343321225902856, 0.009801513102566804], [0.5556115320711924, 0.38029974076115325, 0.009845207446884555, 0.011852505563964229, 0.03254580670992086, 0.009845207446884555], [0.5174909748284867, 0.3974428290700354, 0.009805755200093651, 0.009805755200093651, 0.055648930501196896, 0.009805755200093651], [0.4345989994937373, 0.4698889798724194, 0.009856279606002029, 0.020052291817974056, 0.05574716960386511, 0.009856279606002029], [0.084345009072835, 0.38179757106011875, 0.009840417817359394, 0.009840417817359394, 0.504336166414968, 0.009840417817359394], [0.08765962107668912, 0.3956458643845968, 0.00988559030361815, 0.012897089673139817, 0.48402624425833796, 0.00988559030361815], [0.0494806739438399, 0.22577010448502513, 0.11758581123063168, 0.013168768851764613, 0.5840711923939766, 0.009923449094761944], [0.9523807278676467, 0.00952385442647066, 0.00952385442647066, 0.00952385442647066, 0.00952385442647066, 0.00952385442647066]], [[0.9523807278676467, 0.00952385442647066, 0.00952385442647066, 0.00952385442647066, 0.00952385442647066, 0.00952385442647066], [0.6699133820090272, 0.2126101183996721, 0.06724517116223279, 0.013741073878487471, 0.026562840804002116, 0.0099274137465783], [0.5239657683025841, 0.38034498948418083, 0.009893488155639216, 0.020371303277995384, 0.055530962623961296, 0.009893488155639216], [0.2896491160339012, 0.50486541536144, 0.009866926101896056, 0.017793458377976062, 0.16795815802289074, 0.009866926101896056], [0.454719115784652, 0.45000807249305264, 0.009876482274393326, 0.02896138629460368, 0.046558460878905, 0.009876482274393326], [0.4580265557928816, 0.4292297724054786, 0.009864641933330883, 0.049858429572460956, 0.043155958362517094, 0.009864641933330883], [0.5849284164507945, 0.3349886096233645, 0.00985059153353608, 0.012325784285320584, 0.04805600657344831, 0.00985059153353608], [0.5531262838291512, 0.369162233838686, 0.009843488514080057, 0.01884244626913464, 0.039182059034867954, 0.009843488514080057], [0.04609815810179037, 0.3151929678842585, 0.009853815460119085, 0.034369995242438584, 0.5846312478512743, 0.009853815460119085], [0.6286235147412712, 0.2867024089795153, 0.009842046603333666, 0.018730792139030693, 0.046259190933515416, 0.009842046603333666], [0.5890829022573303, 0.3091924531261803, 0.009851654310570158, 0.03409157986026256, 0.04792975613508651, 0.009851654310570158], [0.5870852319736896, 0.34219548500190033, 0.00982252895604135, 0.00982252895604135, 0.041251696156286065, 0.00982252895604135], [0.5760117327779858, 0.3279758098223591, 0.009861182093775133, 0.02027454154453514, 0.05601555166756987, 0.009861182093775133], [0.5538883933793478, 0.38800142878077104, 0.009851210167757795, 0.01954627626181524, 0.01886148124255018, 0.009851210167757795], [0.46535334168568193, 0.3943325731239819, 0.009859319546637777, 0.04935156582941097, 0.0712438802676496, 0.009859319546637777], [0.3053719939108199, 0.476178374356137, 0.009817767118576385, 0.009817767118576385, 0.18899633037731384, 0.009817767118576385], [0.5643551968112973, 0.35732148250194734, 0.00981032137498216, 0.00981032137498216, 0.048892356561808896, 0.00981032137498216], [0.547593045470133, 0.3826506941357528, 0.009785585092698485, 0.009785585092698485, 0.04039950511601888, 0.009785585092698485], [0.06095208704227298, 0.3157433415384527, 0.009781380183241489, 0.009781380183241489, 0.5939604308695499, 0.009781380183241489], [0.6620324059884997, 0.2639765884603477, 0.009765800650020586, 0.009765800650020586, 0.044693603601090925, 0.009765800650020586], [0.04181951698665435, 0.2174926189636968, 0.00977646587149078, 0.00977646587149078, 0.7113584664351764, 0.00977646587149078], [0.025154671615665765, 0.18127627323395845, 0.009770424719944756, 0.009770424719944756, 0.7642577809905414, 0.009770424719944756], [0.6981050942190307, 0.23576083593093522, 0.00976522862380138, 0.00976522862380138, 0.03683838397862997, 0.00976522862380138], [0.7660006304499914, 0.19498232140007649, 0.00975426203748301, 0.00975426203748301, 0.00975426203748301, 0.00975426203748301], [0.6868200888139055, 0.2617815898179101, 0.00976197696912488, 0.00976197696912488, 0.022112390460809643, 0.00976197696912488], [0.7040822282905659, 0.2515765955740848, 0.00976316869875431, 0.00976316869875431, 0.015051670039086452, 0.00976316869875431], [0.04746408258948102, 0.1904684160441959, 0.009764220067125016, 0.009764220067125016, 0.732774841164948, 0.009764220067125016], [0.7759515760429438, 0.18024699142047396, 0.00975845510538676, 0.00975845510538676, 0.014526067220421896, 0.00975845510538676], [0.692622653443735, 0.23393535796668008, 0.009767661986540834, 0.009767661986540834, 0.04413900262996229, 0.009767661986540834], [0.034032771564421985, 0.23669360480731091, 0.009784533165951573, 0.009784533165951573, 0.6999200241304123, 0.009784533165951573], [0.7280191564052713, 0.20371544917167872, 0.009835795297342192, 0.010903717853971989, 0.03769008597439372, 0.009835795297342192], [0.6969625715786942, 0.24322489364444846, 0.009776275754617958, 0.009776275754617958, 0.030483707513003513, 0.009776275754617958], [0.04548179174197588, 0.34036539971005836, 0.009796910914738577, 0.009796910914738577, 0.58476207580375, 0.009796910914738577], [0.06641831940750463, 0.2931919739406109, 0.009849983300020583, 0.026967791822340915, 0.5937219482295024, 0.009849983300020583], [0.5025437280221753, 0.41069860715600304, 0.009847853625568618, 0.012103617857753142, 0.05495833971293139, 0.009847853625568618], [0.4803426255507587, 0.4162710898391691, 0.009860250719026884, 0.03497277728723287, 0.048693005884785506, 0.009860250719026884], [0.40617836414018516, 0.49332373550715836, 0.009826901921598245, 0.009826901921598245, 0.07101719458786183, 0.009826901921598245], [0.5821177191545149, 0.360320549539779, 0.00988122811330425, 0.012491402006877053, 0.025307873072220304, 0.00988122811330425], [0.6132743676976408, 0.20711786140462335, 0.10278807340574493, 0.019911638345182413, 0.046987320472685175, 0.009920738674123429], [0.9523807278676467, 0.00952385442647066, 0.00952385442647066, 0.00952385442647066, 0.00952385442647066, 0.00952385442647066]], [[0.9523807278676467, 0.00952385442647066, 0.00952385442647066, 0.00952385442647066, 0.00952385442647066, 0.00952385442647066], [0.589039005540416, 0.2794345447795105, 0.05222793607429836, 0.050420309516599225, 0.018951644865141747, 0.009926559224034065], [0.5065937094147431, 0.39816549041412735, 0.009890376285686847, 0.02745562356228501, 0.04800442403747077, 0.009890376285686847], [0.5421932827434195, 0.3692150579057381, 0.009887048522969446, 0.03477324846733018, 0.03404431383757323, 0.009887048522969446], [0.49013872991448415, 0.3820651405422917, 0.009873843851991228, 0.021288800509780485, 0.08675964132946125, 0.009873843851991228], [0.5128040075566129, 0.39082152174133783, 0.00985917735292925, 0.027484535185596654, 0.04917158081059391, 0.00985917735292925], [0.5612681519634094, 0.3674654918146506, 0.009845272884789003, 0.03350165165804855, 0.018074158794313407, 0.009845272884789003], [0.059744447576453225, 0.3095256379623283, 0.009850624923772748, 0.019534336212320473, 0.5914943284013524, 0.009850624923772748], [0.6102981647994149, 0.3226932179248429, 0.009774093641447015, 0.009774093641447015, 0.03768633635140108, 0.009774093641447015], [0.6690980514174896, 0.278699803631061, 0.009768467424177385, 0.009768467424177385, 0.022896742678917233, 0.009768467424177385], [0.009523853986246432, 0.009523853986246432, 0.009523853986246432, 0.009523853986246432, 0.009523853986246432, 0.9523807300687678], [0.038870755457659716, 0.2740738739994938, 0.009854608726544527, 0.041633938356009065, 0.6257122147337485, 0.009854608726544527], [0.5191208548178602, 0.37620575166196374, 0.00979349552184847, 0.00979349552184847, 0.07529290695463065, 0.00979349552184847], [0.6385087950189816, 0.281482061820408, 0.009853426784384885, 0.019686427367649823, 0.04061586222419068, 0.009853426784384885], [0.5617485614990584, 0.3393264457607101, 0.009859667695827272, 0.03482823067296449, 0.0443774266756125, 0.009859667695827272], [0.5088223190255415, 0.41563427379939505, 0.009862957078652574, 0.020603794594188225, 0.03521369842357003, 0.009862957078652574], [0.5327729008292954, 0.3952414286884591, 0.00984708201627048, 0.012035320069579832, 0.04025618638012474, 0.00984708201627048], [0.598466256125306, 0.30813351197176825, 0.00984178801975284, 0.040928284579602535, 0.03278837128381752, 0.00984178801975284], [0.6021083855938029, 0.315566550719516, 0.009777705592375362, 0.009777705592375362, 0.05299194690955496, 0.009777705592375362], [0.6656810335919063, 0.2812363663337613, 0.009780176683696863, 0.009780176683696863, 0.02374207002324181, 0.009780176683696863], [0.7632761327926244, 0.1824268652544125, 0.009766537988839441, 0.009766537988839441, 0.024997387986444908, 0.009766537988839441], [0.7344186082546769, 0.19870974294372398, 0.009776088493146545, 0.009776088493146545, 0.037543383322159535, 0.009776088493146545], [0.6793102756600713, 0.27473457137310514, 0.009781115900871948, 0.009781115900871948, 0.016611805264207687, 0.009781115900871948], [0.6374208284422822, 0.3025319200628746, 0.00977748063188616, 0.00977748063188616, 0.030714809599184763, 0.00977748063188616], [0.06472849219117204, 0.21403326905698844, 0.009776761329091903, 0.009776761329091903, 0.6919079547645638, 0.009776761329091903], [0.7351319872011269, 0.1982812844093534, 0.009763419350922637, 0.009763419350922637, 0.03729647033675191, 0.009763419350922637], [0.05656673344576311, 0.2852032256516873, 0.009762301670478767, 0.009762301670478767, 0.6289431358911132, 0.009762301670478767], [0.028008802665124177, 0.2788261945706588, 0.009831279701443497, 0.01077135149000239, 0.6627310918713275, 0.009831279701443497], [0.6630717001639544, 0.2692722242653217, 0.009830673089016173, 0.010532884308738652, 0.037461845083952776, 0.009830673089016173], [0.6825137875055384, 0.2576540803859492, 0.009773517356803617, 0.009773517356803617, 0.03051158003810151, 0.009773517356803617], [0.6859489065953909, 0.245848300865631