{"round_id": "a8be24e1-bd48-49bb-aa46-c5593da79f6f", "predictions": {"0": [[[0.9523807263758569, 0.009523854724828624, 0.009523854724828624, 0.009523854724828624, 0.009523854724828624, 0.009523854724828624], [0.9523807263758569, 0.009523854724828624, 0.009523854724828624, 0.009523854724828624, 0.009523854724828624, 0.009523854724828624], [0.9523807263758569, 0.009523854724828624, 0.009523854724828624, 0.009523854724828624, 0.009523854724828624, 0.009523854724828624], [0.9523807263758569, 0.009523854724828624, 0.009523854724828624, 0.009523854724828624, 0.009523854724828624, 0.009523854724828624], [0.9523807263758569, 0.009523854724828624, 0.009523854724828624, 0.009523854724828624, 0.009523854724828624, 0.009523854724828624], [0.9523807263758569, 0.009523854724828624, 0.009523854724828624, 0.009523854724828624, 0.009523854724828624, 0.009523854724828624], [0.9523807263758569, 0.009523854724828624, 0.009523854724828624, 0.009523854724828624, 0.009523854724828624, 0.009523854724828624], [0.9523807263758569, 0.009523854724828624, 0.009523854724828624, 0.009523854724828624, 0.009523854724828624, 0.009523854724828624], [0.9523807263758569, 0.009523854724828624, 0.009523854724828624, 0.009523854724828624, 0.009523854724828624, 0.009523854724828624], [0.9523807263758569, 0.009523854724828624, 0.009523854724828624, 0.009523854724828624, 0.009523854724828624, 0.009523854724828624], [0.9523807263758569, 0.009523854724828624, 0.009523854724828624, 0.009523854724828624, 0.009523854724828624, 0.009523854724828624], [0.9523807263758569, 0.009523854724828624, 0.009523854724828624, 0.009523854724828624, 0.009523854724828624, 0.009523854724828624], [0.9523807263758569, 0.009523854724828624, 0.009523854724828624, 0.009523854724828624, 0.009523854724828624, 0.009523854724828624], [0.9523807263758569, 0.009523854724828624, 0.009523854724828624, 0.009523854724828624, 0.009523854724828624, 0.009523854724828624], [0.9523807263758569, 0.009523854724828624, 0.009523854724828624, 0.009523854724828624, 0.009523854724828624, 0.009523854724828624], [0.9523807263758569, 0.009523854724828624, 0.009523854724828624, 0.009523854724828624, 0.009523854724828624, 0.009523854724828624], [0.9523807263758569, 0.009523854724828624, 0.009523854724828624, 0.009523854724828624, 0.009523854724828624, 0.009523854724828624], [0.9523807263758569, 0.009523854724828624, 0.009523854724828624, 0.009523854724828624, 0.009523854724828624, 0.009523854724828624], [0.9523807263758569, 0.009523854724828624, 0.009523854724828624, 0.009523854724828624, 0.009523854724828624, 0.009523854724828624], [0.9523807263758569, 0.009523854724828624, 0.009523854724828624, 0.009523854724828624, 0.009523854724828624, 0.009523854724828624], [0.9523807263758569, 0.009523854724828624, 0.009523854724828624, 0.009523854724828624, 0.009523854724828624, 0.009523854724828624], [0.9523807263758569, 0.009523854724828624, 0.009523854724828624, 0.009523854724828624, 0.009523854724828624, 0.009523854724828624], [0.9523807263758569, 0.009523854724828624, 0.009523854724828624, 0.009523854724828624, 0.009523854724828624, 0.009523854724828624], [0.9523807263758569, 0.009523854724828624, 0.009523854724828624, 0.009523854724828624, 0.009523854724828624, 0.009523854724828624], [0.9523807263758569, 0.009523854724828624, 0.009523854724828624, 0.009523854724828624, 0.009523854724828624, 0.009523854724828624], [0.9523807263758569, 0.009523854724828624, 0.009523854724828624, 0.009523854724828624, 0.009523854724828624, 0.009523854724828624], [0.9523807263758569, 0.009523854724828624, 0.009523854724828624, 0.009523854724828624, 0.009523854724828624, 0.009523854724828624], [0.9523807263758569, 0.009523854724828624, 0.009523854724828624, 0.009523854724828624, 0.009523854724828624, 0.009523854724828624], [0.9523807263758569, 0.009523854724828624, 0.009523854724828624, 0.009523854724828624, 0.009523854724828624, 0.009523854724828624], [0.9523807263758569, 0.009523854724828624, 0.009523854724828624, 0.009523854724828624, 0.009523854724828624, 0.009523854724828624], [0.9523807263758569, 0.009523854724828624, 0.009523854724828624, 0.009523854724828624, 0.009523854724828624, 0.009523854724828624], [0.9523807263758569, 0.009523854724828624, 0.009523854724828624, 0.009523854724828624, 0.009523854724828624, 0.009523854724828624], [0.9523807263758569, 0.009523854724828624, 0.009523854724828624, 0.009523854724828624, 0.009523854724828624, 0.009523854724828624], [0.9523807263758569, 0.009523854724828624, 0.009523854724828624, 0.009523854724828624, 0.009523854724828624, 0.009523854724828624], [0.9523807263758569, 0.009523854724828624, 0.009523854724828624, 0.009523854724828624, 0.009523854724828624, 0.009523854724828624], [0.9523807263758569, 0.009523854724828624, 0.009523854724828624, 0.009523854724828624, 0.009523854724828624, 0.009523854724828624], [0.9523807263758569, 0.009523854724828624, 0.009523854724828624, 0.009523854724828624, 0.009523854724828624, 0.009523854724828624], [0.9523807263758569, 0.009523854724828624, 0.009523854724828624, 0.009523854724828624, 0.009523854724828624, 0.009523854724828624], [0.9523807263758569, 0.009523854724828624, 0.009523854724828624, 0.009523854724828624, 0.009523854724828624, 0.009523854724828624], [0.9523807263758569, 0.009523854724828624, 0.009523854724828624, 0.009523854724828624, 0.009523854724828624, 0.009523854724828624]], [[0.9523807263758569, 0.009523854724828624, 0.009523854724828624, 0.009523854724828624, 0.009523854724828624, 0.009523854724828624], [0.9503307458010268, 0.010656214818609708, 0.00975325984509085, 0.00975325984509085, 0.00975325984509085, 0.00975325984509085], [0.9497908374174877, 0.011194971713085963, 0.00975354771735657, 0.00975354771735657, 0.00975354771735657, 0.00975354771735657], [0.010191948944231779, 0.012265581299094374, 0.009799509354064831, 0.009799509354064831, 0.9481439416944794, 0.009799509354064831], [0.9478910405822155, 0.013088363705351418, 0.009755148928108253, 0.009755148928108253, 0.009755148928108253, 0.009755148928108253], [0.9466578860754303, 0.014299167807972794, 0.009760736529149246, 0.009760736529149246, 0.009760736529149246, 0.009760736529149246], [0.014290807190920785, 0.0163464566607635, 0.0098344607915228, 0.0098344607915228, 0.9398593537737473, 0.0098344607915228], [0.9430629888267356, 0.01771520282138997, 0.009805452087968616, 0.009805452087968616, 0.009805452087968616, 0.009805452087968616], [0.015704973812099343, 0.017930091632963656, 0.009842914646429949, 0.009842914646429949, 0.936836190615647, 0.009842914646429949], [0.9443237813907598, 0.01647675708355437, 0.009799865381421502, 0.009799865381421502, 0.009799865381421502, 0.009799865381421502], [0.9445548955386749, 0.01623552666939886, 0.00980239444798155, 0.00980239444798155, 0.00980239444798155, 0.00980239444798155], [0.9446551800185099, 0.016185237989858638, 0.009789895497907876, 0.009789895497907876, 0.009789895497907876, 0.009789895497907876], [0.9460848792487436, 0.01486862576359553, 0.009761623746915199, 0.009761623746915199, 0.009761623746915199, 0.009761623746915199], [0.011979960006527927, 0.014373351433690873, 0.009805933693547757, 0.009805933693547757, 0.9442288874791379, 0.009805933693547757], [0.9482627029780293, 0.012762234291442168, 0.009743765682632114, 0.009743765682632114, 0.009743765682632114, 0.009743765682632114], [0.9495556728335193, 0.011491788459134313, 0.009738134676836605, 0.009738134676836605, 0.009738134676836605, 0.009738134676836605], [0.00979849844257669, 0.011243773235853079, 0.00979849844257669, 0.00979849844257669, 0.9495622329938402, 0.00979849844257669], [0.009808079221223313, 0.010698709284230489, 0.009808079221223313, 0.009808079221223313, 0.9500689738308762, 0.009808079221223313], [0.9506213121112861, 0.010338129897968154, 0.00976013949768644, 0.00976013949768644, 0.00976013949768644, 0.00976013949768644], [0.9507668799283453, 0.010184471639215677, 0.009762162108109778, 0.009762162108109778, 0.009762162108109778, 0.009762162108109778], [0.9505670127919492, 0.010380473374167294, 0.00976312845847089, 0.00976312845847089, 0.00976312845847089, 0.00976312845847089], [0.9502229657671427, 0.010725751235747899, 0.009762820749277347, 0.009762820749277347, 0.009762820749277347, 0.009762820749277347], [0.9497850461838772, 0.01114272340027466, 0.009768057603962075, 0.009768057603962075, 0.009768057603962075, 0.009768057603962075], [0.9523807263758569, 0.009523854724828624, 0.009523854724828624, 0.009523854724828624, 0.009523854724828624, 0.009523854724828624], [0.9523807263758569, 0.009523854724828624, 0.009523854724828624, 0.009523854724828624, 0.009523854724828624, 0.009523854724828624], [0.9483643992588479, 0.01238830702723812, 0.00981182342847852, 0.00981182342847852, 0.00981182342847852, 0.00981182342847852], [0.9523807263758569, 0.009523854724828624, 0.009523854724828624, 0.009523854724828624, 0.009523854724828624, 0.009523854724828624], [0.9494215641946575, 0.011398341640611804, 0.009795023541182698, 0.009795023541182698, 0.009795023541182698, 0.009795023541182698], [0.9498571799548842, 0.011040092515666943, 0.009775681882362207, 0.009775681882362207, 0.009775681882362207, 0.009775681882362207], [0.95013179295886, 0.010853338845970784, 0.009753717048792335, 0.009753717048792335, 0.009753717048792335, 0.009753717048792335], [0.009797958485151576, 0.010841118104374468, 0.009797958485151576, 0.009797958485151576, 0.9499670479550192, 0.009797958485151576], [0.9503299075154572, 0.010681781962439327, 0.009747077630525866, 0.009747077630525866, 0.009747077630525866, 0.009747077630525866], [0.9499215229419392, 0.011108657185381812, 0.009742454968169775, 0.009742454968169775, 0.009742454968169775, 0.009742454968169775], [0.9492432236733304, 0.011732982897428636, 0.009755948357310269, 0.009755948357310269, 0.009755948357310269, 0.009755948357310269], [0.011491205291777901, 0.013437174133458083, 0.009811628498406106, 0.009811628498406106, 0.9456367350795456, 0.009811628498406106], [0.9471663642109494, 0.013724406834824662, 0.009777307238556467, 0.009777307238556467, 0.009777307238556467, 0.009777307238556467], [0.945868434918138, 0.014994073737521854, 0.009784372836085046, 0.009784372836085046, 0.009784372836085046, 0.009784372836085046], [0.9451119968142643, 0.01567975273026855, 0.009802062613866827, 0.009802062613866827, 0.009802062613866827, 0.009802062613866827], [0.012931830363440415, 0.014862390549589783, 0.00983781800507273, 0.00983781800507273, 0.9426923250717516, 0.00983781800507273], [0.9523807263758569, 0.009523854724828624, 0.009523854724828624, 0.009523854724828624, 0.009523854724828624, 0.009523854724828624]], [[0.9523807263758569, 0.009523854724828624, 0.009523854724828624, 0.009523854724828624, 0.009523854724828624, 0.009523854724828624], [0.00983988950467508, 0.011351307967653573, 0.009812506130861516, 0.009812506130861516, 0.9493712841350868, 0.009812506130861516], [0.9494480809018776, 0.011584086959041224, 0.009741958034770275, 0.009741958034770275, 0.009741958034770275, 0.009741958034770275], [0.010450235490697103, 0.01282147171758493, 0.009795404316320002, 0.009795404316320002, 0.9473420798427581, 0.009795404316320002], [0.9472158289999056, 0.013800021184705762, 0.009746037453847113, 0.009746037453847113, 0.009746037453847113, 0.009746037453847113], [0.013383478212259286, 0.015909051558771974, 0.00981720018388527, 0.00981720018388527, 0.941255869677313, 0.00981720018388527], [0.9437184089627808, 0.017135533390964644, 0.009786514411563639, 0.009786514411563639, 0.009786514411563639, 0.009786514411563639], [0.9409852499971544, 0.01967534065096428, 0.009834852337970336, 0.009834852337970336, 0.009834852337970336, 0.009834852337970336], [0.9420958517916009, 0.018675114099068142, 0.009807258527332743, 0.009807258527332743, 0.009807258527332743, 0.009807258527332743], [0.9430770424015252, 0.017671912690205408, 0.009812761227067316, 0.009812761227067316, 0.009812761227067316, 0.009812761227067316], [0.9430418576198368, 0.01775558670596797, 0.009800638918548791, 0.009800638918548791, 0.009800638918548791, 0.009800638918548791], [0.9428874987238107, 0.01795127051173371, 0.009790307691113909, 0.009790307691113909, 0.009790307691113909, 0.009790307691113909], [0.9449913773375609, 0.0159512398617729, 0.009764345700166568, 0.009764345700166568, 0.009764345700166568, 0.009764345700166568], [0.012463315964333728, 0.015593819903136142, 0.009801896607444599, 0.009801896607444599, 0.9425371743101963, 0.009801896607444599], [0.01156713323523025, 0.014037037442771492, 0.00979791215901295, 0.00979791215901295, 0.9450020928449593, 0.00979791215901295], [0.9491668417362085, 0.011889159872034259, 0.00973599959793935, 0.00973599959793935, 0.00973599959793935, 0.00973599959793935], [0.9498533603718586, 0.011168983260533207, 0.00974441409190205, 0.00974441409190205, 0.00974441409190205, 0.00974441409190205], [0.9503047140476738, 0.010670494315632518, 0.009756197909173423, 0.009756197909173423, 0.009756197909173423, 0.009756197909173423], [0.9505051461722355, 0.010450008536846906, 0.009761211322729434, 0.009761211322729434, 0.009761211322729434, 0.009761211322729434], [0.9506517129809016, 0.010333199340325724, 0.00975377191969317, 0.00975377191969317, 0.00975377191969317, 0.00975377191969317], [0.9504286869877256, 0.010587384134426467, 0.009745982219461961, 0.009745982219461961, 0.009745982219461961, 0.009745982219461961], [0.00980512227373847, 0.011342447362682318, 0.00980512227373847, 0.00980512227373847, 0.9494370635423638, 0.00980512227373847], [0.010979243216739551, 0.0127006169365825, 0.009819704730532133, 0.009819704730532133, 0.9468610256550815, 0.009819704730532133], [0.9523807263758569, 0.009523854724828624, 0.009523854724828624, 0.009523854724828624, 0.009523854724828624, 0.009523854724828624], [0.9523807263758569, 0.009523854724828624, 0.009523854724828624, 0.009523854724828624, 0.009523854724828624, 0.009523854724828624], [0.9523807263758569, 0.009523854724828624, 0.009523854724828624, 0.009523854724828624, 0.009523854724828624, 0.009523854724828624], [0.9523807263758569, 0.009523854724828624, 0.009523854724828624, 0.009523854724828624, 0.009523854724828624, 0.009523854724828624], [0.9523807263758569, 0.009523854724828624, 0.009523854724828624, 0.009523854724828624, 0.009523854724828624, 0.009523854724828624], [0.9523807263758569, 0.009523854724828624, 0.009523854724828624, 0.009523854724828624, 0.009523854724828624, 0.009523854724828624], [0.9523807263758569, 0.009523854724828624, 0.009523854724828624, 0.009523854724828624, 0.009523854724828624, 0.009523854724828624], [0.9499491723112456, 0.011137700769811519, 0.009728281729735689, 0.009728281729735689, 0.009728281729735689, 0.009728281729735689], [0.9502675720640368, 0.010843859286293597, 0.00972214216241743, 0.00972214216241743, 0.00972214216241743, 0.00972214216241743], [0.009790927511781226, 0.011621103254489453, 0.009790927511781226, 0.009790927511781226, 0.9492151866983857, 0.009790927511781226], [0.9489826310502949, 0.012030007582216671, 0.009746840341872082, 0.009746840341872082, 0.009746840341872082, 0.009746840341872082], [0.9474766783194105, 0.013514233636397758, 0.009752272011047947, 0.009752272011047947, 0.009752272011047947, 0.009752272011047947], [0.9465869346716635, 0.014334954091957166, 0.009769527809094836, 0.009769527809094836, 0.009769527809094836, 0.009769527809094836], [0.013858409284416038, 0.017049748185453607, 0.009823079636799965, 0.009823079636799965, 0.9396226036197304, 0.009823079636799965], [0.9437763413528218, 0.017011200517337656, 0.009803114532460149, 0.009803114532460149, 0.009803114532460149, 0.009803114532460149], [0.945013533587579, 0.01575903876798502, 0.009806856911108993, 0.009806856911108993, 0.009806856911108993, 0.009806856911108993], [0.9523807263758569, 0.009523854724828624, 0.009523854724828624, 0.009523854724828624, 0.009523854724828624, 0.009523854724828624]], [[0.9523807263758569, 0.009523854724828624, 0.009523854724828624, 0.009523854724828624, 0.009523854724828624, 0.009523854724828624], [0.9490865430179738, 0.011888086871788647, 0.009756342527559404, 0.009756342527559404, 0.009756342527559404, 0.009756342527559404], [0.9488918375526338, 0.012111576064642951, 0.009749146595680795, 0.009749146595680795, 0.009749146595680795, 0.009749146595680795], [0.9420648636001243, 0.01879276664884626, 0.009785592437757347, 0.009785592437757347, 0.009785592437757347, 0.009785592437757347], [0.9396363428002754, 0.02109654928048428, 0.009816776979810097, 0.009816776979810097, 0.009816776979810097, 0.009816776979810097], [0.9360378842713186, 0.023878802936407408, 0.009829050605201348, 0.009829050605201348, 0.01059616097667007, 0.009829050605201348], [0.9293386698333401, 0.02814430900817893, 0.009859380131564285, 0.009859380131564285, 0.012938880763788047, 0.009859380131564285], [0.6352168662113552, 0.04914596996617377, 0.009896751609189597, 0.010667515968471944, 0.2851761446356199, 0.009896751609189597], [0.9256805829139008, 0.030843157564885086, 0.009866169884542982, 0.009866169884542982, 0.013877749867585177, 0.009866169884542982], [0.9278976352949118, 0.0292549448430536, 0.009860248602262988, 0.009860248602262988, 0.013266674055245734, 0.009860248602262988], [0.030128782258716767, 0.030253881164798983, 0.009877804688418566, 0.009877804688418566, 0.9099839225112284, 0.009877804688418566], [0.024575930490538335, 0.031529497475296916, 0.009867963192555911, 0.009867963192555911, 0.9142906824564971, 0.009867963192555911], [0.9336892206229078, 0.026079502724584636, 0.009819853755720987, 0.009819853755720987, 0.010771715385344603, 0.009819853755720987], [0.9384124940438034, 0.022319662254079844, 0.00981696092552919, 0.00981696092552919, 0.00981696092552919, 0.00981696092552919], [0.9405147240615859, 0.020290223801804945, 0.009798763034152313, 0.009798763034152313, 0.009798763034152313, 0.009798763034152313], [0.9427480649068659, 0.018084208286920873, 0.009791931701553328, 0.009791931701553328, 0.009791931701553328, 0.009791931701553328], [0.9439381868209265, 0.016854115811158445, 0.00980192434197877, 0.00980192434197877, 0.00980192434197877, 0.00980192434197877], [0.9448443727015639, 0.01590920798344153, 0.009811604828748653, 0.009811604828748653, 0.009811604828748653, 0.009811604828748653], [0.9450562689851413, 0.01570195152011022, 0.009810444873687126, 0.009810444873687126, 0.009810444873687126, 0.009810444873687126], [0.9451544614513103, 0.015622853353934587, 0.009805671298688779, 0.009805671298688779, 0.009805671298688779, 0.009805671298688779], [0.9449399402938006, 0.015895050774072036, 0.009791252233031832, 0.009791252233031832, 0.009791252233031832, 0.009791252233031832], [0.9498551137472944, 0.011218622042384888, 0.009731566052580208, 0.009731566052580208, 0.009731566052580208, 0.009731566052580208], [0.9485229044568467, 0.012497327376812051, 0.009744942041585302, 0.009744942041585302, 0.009744942041585302, 0.009744942041585302], [0.9476378386509164, 0.013296116584908403, 0.009766511191043773, 0.009766511191043773, 0.009766511191043773, 0.009766511191043773], [0.9468111428458036, 0.01405125592513421, 0.009784400307265536, 0.009784400307265536, 0.009784400307265536, 0.009784400307265536], [0.9454725923801325, 0.015301096662469468, 0.009806577739349516, 0.009806577739349516, 0.009806577739349516, 0.009806577739349516], [0.9523807263758569, 0.009523854724828624, 0.009523854724828624, 0.009523854724828624, 0.009523854724828624, 0.009523854724828624], [0.9472877214532233, 0.013657226313610516, 0.009763763058291531, 0.009763763058291531, 0.009763763058291531, 0.009763763058291531], [0.9479674693266416, 0.01304564453379982, 0.009746721534889664, 0.009746721534889664, 0.009746721534889664, 0.009746721534889664], [0.9490087218986298, 0.012073815327711943, 0.009729365693414555, 0.009729365693414555, 0.009729365693414555, 0.009729365693414555], [0.9523807263758569, 0.009523854724828624, 0.009523854724828624, 0.009523854724828624, 0.009523854724828624, 0.009523854724828624], [0.009893869734085245, 0.012005110345575973, 0.009785739520174098, 0.009785739520174098, 0.9487438013598164, 0.009785739520174098], [0.948629281010582, 0.012469347172542769, 0.009725342954218811, 0.009725342954218811, 0.009725342954218811, 0.009725342954218811], [0.9478458915818501, 0.013158822052343049, 0.009748821591451745, 0.009748821591451745, 0.009748821591451745, 0.009748821591451745], [0.9460189294288441, 0.014956758047283508, 0.009756078130968076, 0.009756078130968076, 0.009756078130968076, 0.009756078130968076], [0.9446649515358209, 0.016216253239247993, 0.009779698806232764, 0.009779698806232764, 0.009779698806232764, 0.009779698806232764], [0.015962920698838864, 0.019792357564688563, 0.00982998393703883, 0.00982998393703883, 0.9347547699253561, 0.00982998393703883], [0.9409765021514356, 0.01973473190978149, 0.00982219148469573, 0.00982219148469573, 0.00982219148469573, 0.00982219148469573], [0.9431732661471751, 0.017498172079724785, 0.009832140443275052, 0.009832140443275052, 0.009832140443275052, 0.009832140443275052], [0.9523807263758569, 0.009523854724828624, 0.009523854724828624, 0.009523854724828624, 0.009523854724828624, 0.009523854724828624]], [[0.9523807263758569, 0.009523854724828624, 0.009523854724828624, 0.009523854724828624, 0.009523854724828624, 0.009523854724828624], [0.9494108454984831, 0.011549887774121899, 0.009759816681848778, 0.009759816681848778, 0.009759816681848778, 0.009759816681848778], [0.9493612464322745, 0.011645282066594419, 0.00974836787528278, 0.00974836787528278, 0.00974836787528278, 0.00974836787528278], [0.9431878514526741, 0.017709631487505737, 0.009775629264955002, 0.009775629264955002, 0.009775629264955002, 0.009775629264955002], [0.941207107798095, 0.0195914161510815, 0.009800369012705886, 0.009800369012705886, 0.009800369012705886, 0.009800369012705886], [0.9386683905817984, 0.02175750640019912, 0.00982606637908098, 0.00982606637908098, 0.010095903880759597, 0.00982606637908098], [0.9334683028565314, 0.025224229935162722, 0.0098456758847542, 0.0098456758847542, 0.011770439554043213, 0.0098456758847542], [0.9272125155652727, 0.029396683619913388, 0.009872397197113235, 0.009872397197113235, 0.013773609223474212, 0.009872397197113235], [0.9290999526842614, 0.02798823232995913, 0.009866612193092587, 0.009866612193092587, 0.013311978406501791, 0.009866612193092587], [0.9232919868771856, 0.030042900666752744, 0.009866287175533884, 0.009866287175533884, 0.017066250929460042, 0.009866287175533884], [0.9209291606973278, 0.03546236336324865, 0.00986411034010264, 0.00986411034010264, 0.01401614491911561, 0.00986411034010264], [0.5563866760411099, 0.0512012313638078, 0.009867895221614905, 0.009867895221614905, 0.3628084069302374, 0.009867895221614905], [0.9278788968912832, 0.028503588022344158, 0.009828625586208084, 0.009828625586208084, 0.014131638327748466, 0.009828625586208084], [0.9369726433383204, 0.02364315787557405, 0.009813574189041697, 0.009813574189041697, 0.009943476218980302, 0.009813574189041697], [0.9397786067124845, 0.02097256771958357, 0.009812206391983004, 0.009812206391983004, 0.009812206391983004, 0.009812206391983004], [0.9421291143813815, 0.01864049724445031, 0.009807597093542068, 0.009807597093542068, 0.009807597093542068, 0.009807597093542068], [0.943553444898698, 0.017227717891997254, 0.009804709302326164, 0.009804709302326164, 0.009804709302326164, 0.009804709302326164], [0.9442404437858044, 0.01648674141010687, 0.009818203701022191, 0.009818203701022191, 0.009818203701022191, 0.009818203701022191], [0.9444049835219315, 0.016308343071561, 0.00982166835162691, 0.00982166835162691, 0.00982166835162691, 0.00982166835162691], [0.9446479465036125, 0.01615355608441481, 0.009799624352993195, 0.009799624352993195, 0.009799624352993195, 0.009799624352993195], [0.944424452683225, 0.01647263947209579, 0.009775726961169816, 0.009775726961169816, 0.009775726961169816, 0.009775726961169816], [0.949448895727802, 0.011637920036600502, 0.009728296058899378, 0.009728296058899378, 0.009728296058899378, 0.009728296058899378], [0.9479211153687691, 0.013135144731327382, 0.009735934974975895, 0.009735934974975895, 0.009735934974975895, 0.009735934974975895], [0.9468098297391428, 0.01415945186142794, 0.0097576795998573, 0.0097576795998573, 0.0097576795998573, 0.0097576795998573], [0.9037343492389092, 0.05713135341623543, 0.009783574336213833, 0.009783574336213833, 0.009783574336213833, 0.009783574336213833], [0.905375711617281, 0.03602733210695002, 0.02903622625398872, 0.009853576673926773, 0.009853576673926773, 0.009853576673926773], [0.910060919100679, 0.03173086903191164, 0.028676771402360066, 0.009843813488349794, 0.009843813488349794, 0.009843813488349794], [0.012556581009274367, 0.015494244061211004, 0.009810656791462966, 0.009810656791462966, 0.9425172045551258, 0.009810656791462966], [0.011626645978741119, 0.015102932857144726, 0.00979571506162967, 0.00979571506162967, 0.9438832759792251, 0.00979571506162967], [0.010717788650688101, 0.013361116437921108, 0.009785246946377196, 0.009785246946377196, 0.9465653540722592, 0.009785246946377196], [0.948463179211572, 0.012615570302506637, 0.00973031262148033, 0.00973031262148033, 0.00973031262148033, 0.00973031262148033], [0.9523807263758569, 0.009523854724828624, 0.009523854724828624, 0.009523854724828624, 0.009523854724828624, 0.009523854724828624], [0.9523807263758569, 0.009523854724828624, 0.009523854724828624, 0.009523854724828624, 0.009523854724828624, 0.009523854724828624], [0.9523807263758569, 0.009523854724828624, 0.009523854724828624, 0.009523854724828624, 0.009523854724828624, 0.009523854724828624], [0.9523807263758569, 0.009523854724828624, 0.009523854724828624, 0.009523854724828624, 0.009523854724828624, 0.009523854724828624], [0.9523807263758569, 0.009523854724828624, 0.009523854724828624, 0.009523854724828624, 0.009523854724828624, 0.009523854724828624], [0.9523807263758569, 0.009523854724828624, 0.009523854724828624, 0.009523854724828624, 0.009523854724828624, 0.009523854724828624], [0.5402866940540615, 0.04791497622864314, 0.00988733408030222, 0.00988733408030222, 0.38213632747638876, 0.00988733408030222], [0.9404457609353064, 0.02005377882104865, 0.009856501968573421, 0.009856501968573421, 0.009930954337924812, 0.009856501968573421], [0.9523807263758569, 0.009523854724828624, 0.009523854724828624, 0.009523854724828624, 0.009523854724828624, 0.009523854724828624]], [[0.9523807263758569, 0.009523854724828624, 0.009523854724828624, 0.009523854724828624, 0.009523854724828624, 0.009523854724828624], [0.010240149251234358, 0.011550886616024646, 0.009826232974602524, 0.009826232974602524, 0.9487302652089334, 0.009826232974602524], [0.9494801547172182, 0.011532100621142438, 0.009746936165409864, 0.009746936165409864, 0.009746936165409864, 0.009746936165409864], [0.9434570068754338, 0.01740855689824711, 0.00978360905657977, 0.00978360905657977, 0.00978360905657977, 0.00978360905657977], [0.9416565470029618, 0.01915460231803738, 0.009797212669750257, 0.009797212669750257, 0.009797212669750257, 0.009797212669750257], [0.939579347470845, 0.021163764827883142, 0.009814221925317944, 0.009814221925317944, 0.009814221925317944, 0.009814221925317944], [0.9355232917658837, 0.024048899218842252, 0.009829270322837098, 0.009829270322837098, 0.010939998046762824, 0.009829270322837098], [0.9311053662812324, 0.027184642858800383, 0.009842263959252116, 0.009842263959252116, 0.012183198982210916, 0.009842263959252116], [0.9303305472944229, 0.027838251839328823, 0.009839474733586812, 0.009839474733586812, 0.012312776665487883, 0.009839474733586812], [0.924695202435844, 0.03174274575749868, 0.00985914194898086, 0.00985914194898086, 0.013984625959714747, 0.00985914194898086], [0.9237919762313027, 0.033195566465100156, 0.009854210809313872, 0.009854210809313872, 0.013449824875655358, 0.009854210809313872], [0.9265727865085545, 0.030831512708504934, 0.009845276659128327, 0.009845276659128327, 0.013059870805555488, 0.009845276659128327], [0.9336609864251393, 0.025987246706672896, 0.009818092677780773, 0.009818092677780773, 0.010897488834845462, 0.009818092677780773], [0.9385312347492134, 0.022220003234068527, 0.009812190504179509, 0.009812190504179509, 0.009812190504179509, 0.009812190504179509], [0.9406369333457595, 0.020095973440749357, 0.009816773303372816, 0.009816773303372816, 0.009816773303372816, 0.009816773303372816], [0.9426218859757259, 0.01819927047400639, 0.00979471088756691, 0.00979471088756691, 0.00979471088756691, 0.00979471088756691], [0.9440860758566458, 0.01676044729390473, 0.009788369212362391, 0.009788369212362391, 0.009788369212362391, 0.009788369212362391], [0.9447446055520172, 0.01606706463423887, 0.009797082453435984, 0.009797082453435984, 0.009797082453435984, 0.009797082453435984], [0.9446877541345908, 0.016121455680528408, 0.009797697546220207, 0.009797697546220207, 0.009797697546220207, 0.009797697546220207], [0.9441722248696846, 0.016627211482603845, 0.009800140911927904, 0.009800140911927904, 0.009800140911927904, 0.009800140911927904], [0.9437525296157583, 0.01713828177916792, 0.009777297151268478, 0.009777297151268478, 0.009777297151268478, 0.009777297151268478], [0.9429199525964541, 0.01796165910294599, 0.009779597075150004, 0.009779597075150004, 0.009779597075150004, 0.009779597075150004], [0.016171770860406116, 0.021092760954128455, 0.009819253319946463, 0.009819253319946463, 0.933277708225626, 0.009819253319946463], [0.0211461418905374, 0.02294825842311213, 0.00984256441310733, 0.00984256441310733, 0.9263779064470283, 0.00984256441310733], [0.90501817053791, 0.055854091872001715, 0.009781934397522061, 0.009781934397522061, 0.009781934397522061, 0.009781934397522061], [0.535226591173279, 0.05023564359094393, 0.009872811490563547, 0.009872811490563547, 0.3849193307640865, 0.009872811490563547], [0.9047751605739466, 0.0560079969567697, 0.009804210617320924, 0.009804210617320924, 0.009804210617320924, 0.009804210617320924], [0.9455418375168446, 0.01542015265417201, 0.009759502457245835, 0.009759502457245835, 0.009759502457245835, 0.009759502457245835], [0.012144579609578135, 0.015175636660239534, 0.009801794402551777, 0.009801794402551777, 0.9432744005225269, 0.009801794402551777], [0.9481924871303391, 0.012907028609297613, 0.009725121065090842, 0.009725121065090842, 0.009725121065090842, 0.009725121065090842], [0.9486271041673063, 0.012434401751262206, 0.009734623520357883, 0.009734623520357883, 0.009734623520357883, 0.009734623520357883], [0.009523854724828626, 0.009523854724828626, 0.009523854724828626, 0.009523854724828626, 0.009523854724828626, 0.9523807263758569], [0.01093044438741613, 0.015767606328925172, 0.009780516456123786, 0.009780516456123786, 0.9439603999152872, 0.009780516456123786], [0.009523854724828626, 0.009523854724828626, 0.009523854724828626, 0.009523854724828626, 0.009523854724828626, 0.9523807263758569], [0.013287749866427551, 0.034710004022389905, 0.00982041930753748, 0.00982041930753748, 0.9225409881885701, 0.00982041930753748], [0.9523807263758569, 0.009523854724828624, 0.009523854724828624, 0.009523854724828624, 0.009523854724828624, 0.009523854724828624], [0.9406050230836037, 0.020276101480831737, 0.009779718858891173, 0.009779718858891173, 0.009779718858891173, 0.009779718858891173], [0.9368928477425421, 0.02384892816972534, 0.00981455602193317, 0.00981455602193317, 0.00981455602193317, 0.00981455602193317], [0.9416038989701596, 0.019068306957600072, 0.00983194851806007, 0.00983194851806007, 0.00983194851806007, 0.00983194851806007], [0.9523807263758569, 0.009523854724828624, 0.009523854724828624, 0.009523854724828624, 0.009523854724828624, 0.009523854724828624]], [[0.9523807263758569, 0.009523854724828624, 0.009523854724828624, 0.009523854724828624, 0.009523854724828624, 0.009523854724828624], [0.9493239415268149, 0.011595098131627218, 0.009770240085389457, 0.009770240085389457, 0.009770240085389457, 0.009770240085389457], [0.9494058672784464, 0.011556243326689785, 0.009759472348715959, 0.009759472348715959, 0.009759472348715959, 0.009759472348715959], [0.9432860774899304, 0.01758861519704763, 0.009781326828255504, 0.009781326828255504, 0.009781326828255504, 0.009781326828255504], [0.941313149330929, 0.019533917233962052, 0.009788233358777236, 0.009788233358777236, 0.009788233358777236, 0.009788233358777236], [0.017272904734772502, 0.02182323587625871, 0.009822088007630164, 0.009822088007630164, 0.9314375953660783, 0.009822088007630164], [0.9361563731381165, 0.02442503647465516, 0.009809362947061012, 0.009809362947061012, 0.009990501546045307, 0.009809362947061012], [0.9295949004654959, 0.026982427824029903, 0.009827928372881958, 0.009827928372881958, 0.013938886591828412, 0.009827928372881958], [0.9280940010945462, 0.029649229638200724, 0.009841669666707624, 0.009841669666707624, 0.012731760267130065, 0.009841669666707624], [0.586394723442293, 0.045060662222528323, 0.00987421664154523, 0.00987421664154523, 0.3389219644105431, 0.00987421664154523], [0.9186468458609195, 0.03159607032411549, 0.009854671840115696, 0.009854671840115696, 0.020193068294617877, 0.009854671840115696], [0.02492886889843687, 0.029555885756511788, 0.009878371790251644, 0.009878371790251644, 0.9158801299742965, 0.009878371790251644], [0.9347753563159054, 0.025052635624033183, 0.00981886259735667, 0.00981886259735667, 0.010715420267991417, 0.00981886259735667], [0.9392414421752682, 0.021432973952989362, 0.00981967225900924, 0.00981967225900924, 0.009866567094714854, 0.00981967225900924], [0.9409097851810138, 0.019893819118542294, 0.009799098925111004, 0.009799098925111004, 0.009799098925111004, 0.009799098925111004], [0.01426695829370962, 0.017662852540093768, 0.009811227724069501, 0.009811227724069501, 0.9386365059939882, 0.009811227724069501], [0.9444872073046415, 0.01644836585987399, 0.009766106708871122, 0.009766106708871122, 0.009766106708871122, 0.009766106708871122], [0.9454669998286833, 0.015455005465831896, 0.009769498676371217, 0.009769498676371217, 0.009769498676371217, 0.009769498676371217], [0.9455318240930719, 0.015364288772212008, 0.00977597178367904, 0.00977597178367904, 0.00977597178367904, 0.00977597178367904], [0.9446154154397564, 0.016318852689119492, 0.009766432967781012, 0.009766432967781012, 0.009766432967781012, 0.009766432967781012], [0.012911436492267862, 0.016456271864039352, 0.009796795931236233, 0.009796795931236233, 0.9412419038499842, 0.009796795931236233], [0.9439491287597553, 0.017020321528896865, 0.00975763742783698, 0.00975763742783698, 0.00975763742783698, 0.00975763742783698], [0.941452000989786, 0.019472316987221957, 0.009768920505748001, 0.009768920505748001, 0.009768920505748001, 0.009768920505748001], [0.9404959941447816, 0.02037464064246392, 0.009782341303188632, 0.009782341303188632, 0.009782341303188632, 0.009782341303188632], [0.9002794176392303, 0.06047953808837134, 0.009810261068099584, 0.009810261068099584, 0.009810261068099584, 0.009810261068099584], [0.8972051920855987, 0.06277440083982712, 0.00982970495862374, 0.00982970495862374, 0.010531292198702835, 0.00982970495862374], [0.9001670058097054, 0.06055669156973762, 0.009819075655139238, 0.009819075655139238, 0.009819075655139238, 0.009819075655139238], [0.9407171572690107, 0.020094196157214396, 0.00979716164344371, 0.00979716164344371, 0.00979716164344371, 0.00979716164344371], [0.9416183753279769, 0.019220262646258042, 0.00979034050644127, 0.00979034050644127, 0.00979034050644127, 0.00979034050644127], [0.9490209897419802, 0.012046406815794556, 0.009733150860556318, 0.009733150860556318, 0.009733150860556318, 0.009733150860556318], [0.009523854724828626, 0.009523854724828626, 0.009523854724828626, 0.009523854724828626, 0.009523854724828626, 0.9523807263758569], [0.009523854724828626, 0.009523854724828626, 0.009523854724828626, 0.009523854724828626, 0.009523854724828626, 0.9523807263758569], [0.009523854724828626, 0.009523854724828626, 0.009523854724828626, 0.009523854724828626, 0.009523854724828626, 0.9523807263758569], [0.009523854724828626, 0.009523854724828626, 0.009523854724828626, 0.009523854724828626, 0.009523854724828626, 0.9523807263758569], [0.013943030754364927, 0.03921824466569145, 0.009835270569752924, 0.017222841807215616, 0.9099453416332222, 0.009835270569752924], [0.9321959119033286, 0.023432863995209195, 0.014818618781544512, 0.009850868439972595, 0.009850868439972595, 0.009850868439972595], [0.9404940633256136, 0.020470020083082033, 0.009758979147826101, 0.009758979147826101, 0.009758979147826101, 0.009758979147826101], [0.9400695546558323, 0.020694339370050347, 0.009809026493529324, 0.009809026493529324, 0.009809026493529324, 0.009809026493529324], [0.9425294119771471, 0.018116384557162118, 0.009838550866422699, 0.009838550866422699, 0.009838550866422699, 0.009838550866422699], [0.9523807263758569, 0.009523854724828624, 0.009523854724828624, 0.009523854724828624, 0.009523854724828624, 0.009523854724828624]], [[0.9523807263758569, 0.009523854724828624, 0.009523854724828624, 0.009523854724828624, 0.009523854724828624, 0.009523854724828624], [0.009815490258809265, 0.011171321027974293, 0.009815490258809265, 0.009815490258809265, 0.9495667179367887, 0.009815490258809265], [0.9499006455031441, 0.01114993895471072, 0.009737353885536315, 0.009737353885536315, 0.009737353885536315, 0.009737353885536315], [0.9441838582296349, 0.01676845449993781, 0.009761921817606815, 0.009761921817606815, 0.009761921817606815, 0.009761921817606815], [0.9424134882099163, 0.018517125798836225, 0.009767346497811871, 0.009767346497811871, 0.009767346497811871, 0.009767346497811871], [0.015919746687429803, 0.02120941335919324, 0.009804855207401476, 0.009804855207401476, 0.9334562743311725, 0.009804855207401476], [0.020628718805131063, 0.023349350775237913, 0.009808334726071686, 0.009808334726071686, 0.9265969262414161, 0.009808334726071686], [0.9340256450979858, 0.02462892836638929, 0.009797576686453806, 0.009797576686453806, 0.011952696476263527, 0.009797576686453806], [0.9337641563142409, 0.026112459186072242, 0.009812811323170093, 0.009812811323170093, 0.010684950530176669, 0.009812811323170093], [0.9295278788478268, 0.028818001092463325, 0.009833214016201521, 0.009833214016201521, 0.012154478011105165, 0.009833214016201521], [0.9315013507179158, 0.027742825686967537, 0.009819585305390517, 0.009819585305390517, 0.011297067678944981, 0.009819585305390517], [0.9341943786798457, 0.025681920880548957, 0.009814916071355918, 0.009814916071355918, 0.010678952225537497, 0.009814916071355918], [0.9380415167993834, 0.022772320422206695, 0.009796540694602479, 0.009796540694602479, 0.009796540694602479, 0.009796540694602479], [0.937795960767958, 0.02298505498301163, 0.009804746062257582, 0.009804746062257582, 0.009804746062257582, 0.009804746062257582], [0.017326459070494064, 0.02122414118123653, 0.009822956924219018, 0.009822956924219018, 0.9319805289756122, 0.009822956924219018], [0.9424528486824232, 0.018518034178725776, 0.009757279284712766, 0.009757279284712766, 0.009757279284712766, 0.009757279284712766], [0.9439443895910589, 0.01704733030823008, 0.009752070025177785, 0.009752070025177785, 0.009752070025177785, 0.009752070025177785], [0.012405696065757718, 0.016025346901276757, 0.009794687490079366, 0.009794687490079366, 0.9421848945627274, 0.009794687490079366], [0.945123389592427, 0.015843400614987208, 0.009758302448146447, 0.009758302448146447, 0.009758302448146447, 0.009758302448146447], [0.9447882432032184, 0.01618494420936166, 0.009756703146854983, 0.009756703146854983, 0.009756703146854983, 0.009756703146854983], [0.9452088542414147, 0.01585695514131353, 0.009733547654317968, 0.009733547654317968, 0.009733547654317968, 0.009733547654317968], [0.9445473362016417, 0.016526501069525433, 0.009731540682208216, 0.009731540682208216, 0.009731540682208216, 0.009731540682208216], [0.013922898954137767, 0.01859904493551628, 0.009786118571798137, 0.009786118571798137, 0.9381197003949515, 0.009786118571798137], [0.9418216940013125, 0.01916598798758621, 0.009753079502775324, 0.009753079502775324, 0.009753079502775324, 0.009753079502775324], [0.9410324526973383, 0.01991327704522349, 0.00976356756435958, 0.0097635675643595