{"round_id": "8f664aed-8839-4c85-bed0-77a2cac7c6f5", "predictions": {"0": [[[0.9523807278676467, 0.00952385442647066, 0.00952385442647066, 0.00952385442647066, 0.00952385442647066, 0.00952385442647066], [0.9523807278676467, 0.00952385442647066, 0.00952385442647066, 0.00952385442647066, 0.00952385442647066, 0.00952385442647066], [0.9523807278676467, 0.00952385442647066, 0.00952385442647066, 0.00952385442647066, 0.00952385442647066, 0.00952385442647066], [0.9523807278676467, 0.00952385442647066, 0.00952385442647066, 0.00952385442647066, 0.00952385442647066, 0.00952385442647066], [0.9523807278676467, 0.00952385442647066, 0.00952385442647066, 0.00952385442647066, 0.00952385442647066, 0.00952385442647066], [0.9523807278676467, 0.00952385442647066, 0.00952385442647066, 0.00952385442647066, 0.00952385442647066, 0.00952385442647066], [0.9523807278676467, 0.00952385442647066, 0.00952385442647066, 0.00952385442647066, 0.00952385442647066, 0.00952385442647066], [0.9523807278676467, 0.00952385442647066, 0.00952385442647066, 0.00952385442647066, 0.00952385442647066, 0.00952385442647066], [0.9523807278676467, 0.00952385442647066, 0.00952385442647066, 0.00952385442647066, 0.00952385442647066, 0.00952385442647066], [0.9523807278676467, 0.00952385442647066, 0.00952385442647066, 0.00952385442647066, 0.00952385442647066, 0.00952385442647066], [0.9523807278676467, 0.00952385442647066, 0.00952385442647066, 0.00952385442647066, 0.00952385442647066, 0.00952385442647066], [0.9523807278676467, 0.00952385442647066, 0.00952385442647066, 0.00952385442647066, 0.00952385442647066, 0.00952385442647066], [0.9523807278676467, 0.00952385442647066, 0.00952385442647066, 0.00952385442647066, 0.00952385442647066, 0.00952385442647066], [0.9523807278676467, 0.00952385442647066, 0.00952385442647066, 0.00952385442647066, 0.00952385442647066, 0.00952385442647066], [0.9523807278676467, 0.00952385442647066, 0.00952385442647066, 0.00952385442647066, 0.00952385442647066, 0.00952385442647066], [0.9523807278676467, 0.00952385442647066, 0.00952385442647066, 0.00952385442647066, 0.00952385442647066, 0.00952385442647066], [0.9523807278676467, 0.00952385442647066, 0.00952385442647066, 0.00952385442647066, 0.00952385442647066, 0.00952385442647066], [0.9523807278676467, 0.00952385442647066, 0.00952385442647066, 0.00952385442647066, 0.00952385442647066, 0.00952385442647066], [0.9523807278676467, 0.00952385442647066, 0.00952385442647066, 0.00952385442647066, 0.00952385442647066, 0.00952385442647066], [0.9523807278676467, 0.00952385442647066, 0.00952385442647066, 0.00952385442647066, 0.00952385442647066, 0.00952385442647066], [0.9523807278676467, 0.00952385442647066, 0.00952385442647066, 0.00952385442647066, 0.00952385442647066, 0.00952385442647066], [0.9523807278676467, 0.00952385442647066, 0.00952385442647066, 0.00952385442647066, 0.00952385442647066, 0.00952385442647066], [0.9523807278676467, 0.00952385442647066, 0.00952385442647066, 0.00952385442647066, 0.00952385442647066, 0.00952385442647066], [0.9523807278676467, 0.00952385442647066, 0.00952385442647066, 0.00952385442647066, 0.00952385442647066, 0.00952385442647066], [0.9523807278676467, 0.00952385442647066, 0.00952385442647066, 0.00952385442647066, 0.00952385442647066, 0.00952385442647066], [0.9523807278676467, 0.00952385442647066, 0.00952385442647066, 0.00952385442647066, 0.00952385442647066, 0.00952385442647066], [0.9523807278676467, 0.00952385442647066, 0.00952385442647066, 0.00952385442647066, 0.00952385442647066, 0.00952385442647066], [0.9523807278676467, 0.00952385442647066, 0.00952385442647066, 0.00952385442647066, 0.00952385442647066, 0.00952385442647066], [0.9523807278676467, 0.00952385442647066, 0.00952385442647066, 0.00952385442647066, 0.00952385442647066, 0.00952385442647066], [0.9523807278676467, 0.00952385442647066, 0.00952385442647066, 0.00952385442647066, 0.00952385442647066, 0.00952385442647066], [0.9523807278676467, 0.00952385442647066, 0.00952385442647066, 0.00952385442647066, 0.00952385442647066, 0.00952385442647066], [0.9523807278676467, 0.00952385442647066, 0.00952385442647066, 0.00952385442647066, 0.00952385442647066, 0.00952385442647066], [0.9523807278676467, 0.00952385442647066, 0.00952385442647066, 0.00952385442647066, 0.00952385442647066, 0.00952385442647066], [0.9523807278676467, 0.00952385442647066, 0.00952385442647066, 0.00952385442647066, 0.00952385442647066, 0.00952385442647066], [0.9523807278676467, 0.00952385442647066, 0.00952385442647066, 0.00952385442647066, 0.00952385442647066, 0.00952385442647066], [0.9523807278676467, 0.00952385442647066, 0.00952385442647066, 0.00952385442647066, 0.00952385442647066, 0.00952385442647066], [0.9523807278676467, 0.00952385442647066, 0.00952385442647066, 0.00952385442647066, 0.00952385442647066, 0.00952385442647066], [0.9523807278676467, 0.00952385442647066, 0.00952385442647066, 0.00952385442647066, 0.00952385442647066, 0.00952385442647066], [0.9523807278676467, 0.00952385442647066, 0.00952385442647066, 0.00952385442647066, 0.00952385442647066, 0.00952385442647066], [0.9523807278676467, 0.00952385442647066, 0.00952385442647066, 0.00952385442647066, 0.00952385442647066, 0.00952385442647066]], [[0.9523807278676467, 0.00952385442647066, 0.00952385442647066, 0.00952385442647066, 0.00952385442647066, 0.00952385442647066], [0.9377774240511509, 0.020998523614452574, 0.00990708909814565, 0.00990708909814565, 0.011502785039959476, 0.00990708909814565], [0.9523807278676467, 0.00952385442647066, 0.00952385442647066, 0.00952385442647066, 0.00952385442647066, 0.00952385442647066], [0.9350823779248906, 0.023201442822349105, 0.009899428842644619, 0.009899428842644619, 0.012017892724826503, 0.009899428842644619], [0.9330642843378654, 0.024564924107947042, 0.009904665574927722, 0.009904665574927722, 0.01265679482940435, 0.009904665574927722], [0.9273990639129274, 0.026176314734606583, 0.011984990877313318, 0.009937220742543067, 0.01456518899006649, 0.009937220742543067], [0.9523807278676467, 0.00952385442647066, 0.00952385442647066, 0.00952385442647066, 0.00952385442647066, 0.00952385442647066], [0.917717668869957, 0.03198100424532532, 0.013194218581012832, 0.00995447287774954, 0.017198162548205838, 0.00995447287774954], [0.9131535452154809, 0.03639087445022825, 0.012480698886924213, 0.009951410312833772, 0.01807206082169926, 0.009951410312833772], [0.9059471546213227, 0.04136538519255608, 0.012915791514984419, 0.010352367227427786, 0.019465661053646235, 0.009953640390062784], [0.03888616401772914, 0.039834778252027275, 0.013100900742410037, 0.010754196380724515, 0.8874686432871679, 0.009955317319941065], [0.9149800069193135, 0.03591359827816308, 0.009929884801379837, 0.013273916190612519, 0.015972709009151268, 0.009929884801379837], [0.917231551326975, 0.03712205928375118, 0.009901843634329546, 0.009901843634329546, 0.015940858486285115, 0.009901843634329546], [0.9185148798749885, 0.03291152061381917, 0.009936007255921211, 0.01329639611565502, 0.015405188883694932, 0.009936007255921211], [0.9157513356862791, 0.03187235270159221, 0.01644145656714249, 0.009933567824339245, 0.01606771939630786, 0.009933567824339245], [0.9215553102301839, 0.03303187575791047, 0.010050710188978504, 0.009923826954520352, 0.015514449913886475, 0.009923826954520352], [0.9203712475074862, 0.03381847669215718, 0.010247433509177555, 0.009926135720950201, 0.015710570849278717, 0.009926135720950201], [0.9523807278676467, 0.00952385442647066, 0.00952385442647066, 0.00952385442647066, 0.00952385442647066, 0.00952385442647066], [0.9523807278676467, 0.00952385442647066, 0.00952385442647066, 0.00952385442647066, 0.00952385442647066, 0.00952385442647066], [0.9284541571737942, 0.029291803696453067, 0.009873897979672752, 0.009873897979672752, 0.012632345190734424, 0.009873897979672752], [0.02371051035465006, 0.02912958351000682, 0.010099235173564095, 0.02439913252461212, 0.9027195656137819, 0.009941972823384986], [0.9317964726652396, 0.026365866976555536, 0.009877930617218362, 0.009877930617218362, 0.012203868506549701, 0.009877930617218362], [0.9333845774790194, 0.024518182911744377, 0.00990050597530461, 0.00990050597530461, 0.012395721683322536, 0.00990050597530461], [0.9345683056582396, 0.023649265717498827, 0.009899481423080976, 0.009899481423080976, 0.01208398435501864, 0.009899481423080976], [0.9342708969788919, 0.023695431020423884, 0.00990473773161139, 0.00990473773161139, 0.012319458805850026, 0.00990473773161139], [0.9330642843378654, 0.024564924107947042, 0.009904665574927722, 0.009904665574927722, 0.01265679482940435, 0.009904665574927722], [0.9294793148463747, 0.026195933016474996, 0.010620195620805545, 0.009924286327557858, 0.013855983861229203, 0.009924286327557858], [0.9299645151495796, 0.026643685631714858, 0.009916387821054504, 0.009916387821054504, 0.013642635755542197, 0.009916387821054504], [0.9270158238139211, 0.027738870686582404, 0.010868773834305312, 0.009927975026780556, 0.014520581611629994, 0.009927975026780556], [0.9256160609538082, 0.028960635180757314, 0.010860028564579164, 0.00992793688774293, 0.014707401525369672, 0.00992793688774293], [0.9219948398456667, 0.03011634831317084, 0.012194576782119432, 0.009941772916498472, 0.01581068922604613, 0.009941772916498472], [0.9275433837175872, 0.028599989572192435, 0.009915615015760285, 0.009915615015760285, 0.014109781662939715, 0.009915615015760285], [0.9298562305226727, 0.027590302147242993, 0.009885931914290628, 0.009885931914290628, 0.012895671587212294, 0.009885931914290628], [0.9297284894991736, 0.02882420853639958, 0.009850967488156986, 0.009850967488156986, 0.011894399499955865, 0.009850967488156986], [0.022987952194865994, 0.030529255692326014, 0.009861279075971221, 0.009861279075971221, 0.9168989548848943, 0.009861279075971221], [0.024026110016667056, 0.03215556122440426, 0.009867177604158783, 0.009867177604158783, 0.9142167959464523, 0.009867177604158783], [0.9239948509494725, 0.03335999629219325, 0.009866208291067663, 0.009866208291067663, 0.013046527885131191, 0.009866208291067663], [0.9253086057684144, 0.03047610632614955, 0.009919362296001691, 0.009919362296001691, 0.014457201017430817, 0.009919362296001691], [0.9255065424852341, 0.027889048258982436, 0.01187581386541867, 0.009936718038780963, 0.014855159312803087, 0.009936718038780963], [0.9523807278676467, 0.00952385442647066, 0.00952385442647066, 0.00952385442647066, 0.00952385442647066, 0.00952385442647066]], [[0.9523807278676467, 0.00952385442647066, 0.00952385442647066, 0.00952385442647066, 0.00952385442647066, 0.00952385442647066], [0.9523807278676467, 0.00952385442647066, 0.00952385442647066, 0.00952385442647066, 0.00952385442647066, 0.00952385442647066], [0.019727230654687438, 0.023765051943877943, 0.010995674102011542, 0.009927651853693974, 0.9256567395920351, 0.009927651853693974], [0.9342532227503246, 0.02427772726174405, 0.009885137224996317, 0.009885137224996317, 0.011813638312942363, 0.009885137224996317], [0.9320595824777607, 0.025609689312146723, 0.009895074233030666, 0.009895074233030666, 0.012645505511000556, 0.009895074233030666], [0.9260339807738379, 0.028788321632397435, 0.010682629940628015, 0.009927767053065606, 0.01463953354700541, 0.009927767053065606], [0.9134120435444921, 0.033307173556557636, 0.014503576002018535, 0.010655203816349022, 0.018161338263936358, 0.009960664816646458], [0.9523807278676467, 0.00952385442647066, 0.00952385442647066, 0.00952385442647066, 0.00952385442647066, 0.00952385442647066], [0.9010787541953543, 0.04364347465590969, 0.013558334333436707, 0.011008058528659341, 0.020754060831005575, 0.009957317455634485], [0.43040449970974776, 0.08067421294648185, 0.009946766752868881, 0.21029199553905756, 0.2587357582989751, 0.009946766752868881], [0.038719448821617916, 0.04815401260099646, 0.011336830358934256, 0.010299881697057882, 0.8815415782246154, 0.009948248296778029], [0.9035639045097074, 0.04092361260236528, 0.009880194933338549, 0.009880194933338549, 0.025871898087911627, 0.009880194933338549], [0.9029700594800929, 0.05228033039617302, 0.009857242234146026, 0.009857242234146026, 0.015177883421296062, 0.009857242234146026], [0.04105437866761524, 0.037909144375825786, 0.009890525082953976, 0.009890525082953976, 0.891364901707697, 0.009890525082953976], [0.9068618552361435, 0.05003148297805763, 0.009855484793047566, 0.009855484793047566, 0.01354020740665622, 0.009855484793047566], [0.9186833630199798, 0.036064849577260485, 0.009894451567374134, 0.011612300708262859, 0.013850583559748594, 0.009894451567374134], [0.9177733606136251, 0.03840617713229875, 0.00986234890298839, 0.00986234890298839, 0.014233415545110853, 0.00986234890298839], [0.028268388277403907, 0.035272947053846496, 0.00990235987007725, 0.00990235987007725, 0.9067515850585179, 0.00990235987007725], [0.9523807278676467, 0.00952385442647066, 0.00952385442647066, 0.00952385442647066, 0.00952385442647066, 0.00952385442647066], [0.025945053341315184, 0.03241076518423609, 0.013846230461937128, 0.01824424105196772, 0.8996189966765387, 0.009934713284005215], [0.916597419652395, 0.0363808486811477, 0.009850863646668337, 0.009850863646668337, 0.01746914072645217, 0.009850863646668337], [0.9063265802320155, 0.027626116771664735, 0.009912547741008625, 0.03356684848385628, 0.012655359030446215, 0.009912547741008625], [0.9322165368223434, 0.025843858535329875, 0.009887588485644475, 0.009887588485644475, 0.012276839185393122, 0.009887588485644475], [0.02135159806554692, 0.024799581925488312, 0.010070939841216632, 0.009922117761714271, 0.9239336446443196, 0.009922117761714271], [0.9339475411955451, 0.024599569972648335, 0.00987839330875209, 0.00987839330875209, 0.011817708905550072, 0.00987839330875209], [0.932798039502828, 0.025561772880987117, 0.009874275458249931, 0.009874275458249931, 0.012017361241434965, 0.009874275458249931], [0.9296924467813513, 0.027511451254128082, 0.00989337790864583, 0.00989337790864583, 0.013115968238583147, 0.00989337790864583], [0.9295837336969855, 0.02758281487348778, 0.009889192209416463, 0.009889192209416463, 0.013165874801277238, 0.009889192209416463], [0.9272272505432307, 0.02925907903634724, 0.009899513382318467, 0.009899513382318467, 0.013815130273466593, 0.009899513382318467], [0.027233821203245117, 0.03155187664721711, 0.011414344382416201, 0.009941488092673856, 0.9099169815817738, 0.009941488092673856], [0.9222927102242588, 0.03292672966623532, 0.009916118714575956, 0.009916118714575956, 0.015032203965777988, 0.009916118714575956], [0.027404146792163683, 0.03141762092958228, 0.010685632092142664, 0.009934314778801202, 0.910623970628509, 0.009934314778801202], [0.9288206068143435, 0.029156022809102924, 0.009861179343116026, 0.009861179343116026, 0.012439832347205476, 0.009861179343116026], [0.9282231637648691, 0.030318154540772, 0.009841193604750439, 0.009841193604750439, 0.011935100880107454, 0.009841193604750439], [0.023959743117960272, 0.03348076936393706, 0.00984893862256434, 0.00984893862256434, 0.9130126716504097, 0.00984893862256434], [0.025032863815769316, 0.03597828753000914, 0.009843981186187704, 0.009843981186187704, 0.9094569050956585, 0.009843981186187704], [0.027918113932856314, 0.03974205964055613, 0.009864716321646672, 0.009864716321646672, 0.9027456774616476, 0.009864716321646672], [0.9234253546368515, 0.0335109169191549, 0.009872683836952095, 0.009872683836952095, 0.013445676933137318, 0.009872683836952095], [0.9246830026407473, 0.03058284619653755, 0.010205602429946808, 0.009922987168369729, 0.014682574396029017, 0.009922987168369729], [0.9523807278676467, 0.00952385442647066, 0.00952385442647066, 0.00952385442647066, 0.00952385442647066, 0.00952385442647066]], [[0.9523807278676467, 0.00952385442647066, 0.00952385442647066, 0.00952385442647066, 0.00952385442647066, 0.00952385442647066], [0.9374513104582528, 0.02170204426989142, 0.009889507521980624, 0.009889507521980624, 0.011178122705913923, 0.009889507521980624], [0.01838288524622005, 0.02259648779221527, 0.009899374238427466, 0.009899374238427466, 0.9293225042462822, 0.009899374238427466], [0.9369427838320107, 0.02297812370582792, 0.009853404383913748, 0.009853404383913748, 0.010518879310420151, 0.009853404383913748], [0.9353828606432353, 0.024268090720934516, 0.009849731980046588, 0.009849731980046588, 0.010799852695690466, 0.009849731980046588], [0.02344384285141423, 0.02780923682703482, 0.009911046815796366, 0.009911046815796366, 0.9190137798741619, 0.009911046815796366], [0.9236207783891504, 0.03157975991370884, 0.009921342132602144, 0.009921342132602144, 0.015035435299334314, 0.009921342132602144], [0.9172846100948437, 0.03508712883507152, 0.010877726908459857, 0.009934879712643804, 0.016880774736337388, 0.009934879712643804], [0.9523807278676467, 0.00952385442647066, 0.00952385442647066, 0.00952385442647066, 0.00952385442647066, 0.00952385442647066], [0.9067523956855362, 0.045341944598850326, 0.009919866759301656, 0.009919866759301656, 0.018146059437708556, 0.009919866759301656], [0.03579455349757452, 0.044586774165412776, 0.009916376875627348, 0.009916376875627348, 0.8898695417101308, 0.009916376875627348], [0.9125418355991353, 0.043561268077012716, 0.009836808929137922, 0.009836808929137922, 0.014386469536438264, 0.009836808929137922], [0.3846579039470436, 0.12669477860227807, 0.009855345876820543, 0.22308049526415533, 0.2458561304328818, 0.009855345876820543], [0.884152449330752, 0.0579073992746299, 0.00984623482112558, 0.00984623482112558, 0.028401446931241303, 0.00984623482112558], [0.04263769003780081, 0.07097478866571633, 0.00990078005387781, 0.026088118107612305, 0.8404978430811151, 0.00990078005387781], [0.9034384055768421, 0.042205537741786626, 0.009871173098566314, 0.0213850775862189, 0.013228632898019626, 0.009871173098566314], [0.24135922365812876, 0.1972039518255153, 0.009875983682488787, 0.3976013081802167, 0.1440835489711616, 0.009875983682488787], [0.91911150296349, 0.03842378598532142, 0.009835678470690187, 0.009835678470690187, 0.01295767563911807, 0.009835678470690187], [0.027970282844762863, 0.05378429019150202, 0.009892967553865038, 0.011822747075994766, 0.8866367447800102, 0.009892967553865038], [0.9523807278676467, 0.00952385442647066, 0.00952385442647066, 0.00952385442647066, 0.00952385442647066, 0.00952385442647066], [0.028351754668137403, 0.036540958272680946, 0.0196712447240154, 0.009917087197546406, 0.8956018679400735, 0.009917087197546406], [0.9135592314045385, 0.0305448539748114, 0.00991075918718012, 0.02286145702396916, 0.013212939222320584, 0.00991075918718012], [0.9240391921997403, 0.033029530684581816, 0.009901623380193757, 0.009901623380193757, 0.013226406975096756, 0.009901623380193757], [0.9306109461941887, 0.02693416097185299, 0.00988942751171282, 0.00988942751171282, 0.012786610298819827, 0.00988942751171282], [0.9313811915215847, 0.026751224579670954, 0.009874215973104058, 0.009874215973104058, 0.012244935979432115, 0.009874215973104058], [0.024173464537917997, 0.029782160707401424, 0.009889130796251554, 0.009889130796251554, 0.916376982365926, 0.009889130796251554], [0.03552736910096265, 0.04399849010644753, 0.00993043209431746, 0.011069030002624195, 0.8895442466013308, 0.00993043209431746], [0.9087477812623358, 0.04335313376161637, 0.009886494094945759, 0.009886494094945759, 0.018239602691210662, 0.009886494094945759], [0.9049251421564843, 0.045441001737889175, 0.009910974696810931, 0.009910974696810931, 0.01990093201519381, 0.009910974696810931], [0.8921071826691187, 0.05802584982236729, 0.00990796266125388, 0.00990796266125388, 0.020143079524752326, 0.00990796266125388], [0.8948257799093666, 0.05060436733352315, 0.009941848200508831, 0.011779419533657479, 0.02290673682243505, 0.009941848200508831], [0.9028883826840848, 0.046069734144097804, 0.00992370859497872, 0.010438663962437771, 0.02075580201942234, 0.00992370859497872], [0.9078207337870932, 0.043272270254830894, 0.00990352608527859, 0.00990352608527859, 0.019196417702240325, 0.00990352608527859], [0.9071243823933066, 0.045664120100819924, 0.009862869041429691, 0.009862869041429691, 0.017622890381584225, 0.009862869041429691], [0.035792721893729174, 0.04806577604184643, 0.00988260468038632, 0.00988260468038632, 0.8864936880232653, 0.00988260468038632], [0.9010854052313156, 0.05186069392182642, 0.00985032425399197, 0.00985032425399197, 0.017502928084881943, 0.00985032425399197], [0.4162559020147236, 0.1003357024226174, 0.00987957038314598, 0.15275419112211586, 0.3108950636742511, 0.00987957038314598], [0.9170481094326246, 0.0390318903064923, 0.00986497971675924, 0.00986497971675924, 0.014325061110605393, 0.00986497971675924], [0.9204863261736197, 0.034483937784269954, 0.009914397587691505, 0.009914397587691505, 0.015286543279035968, 0.009914397587691505], [0.9523807278676467, 0.00952385442647066, 0.00952385442647066, 0.00952385442647066, 0.00952385442647066, 0.00952385442647066]], [[0.9523807278676467, 0.00952385442647066, 0.00952385442647066, 0.00952385442647066, 0.00952385442647066, 0.00952385442647066], [0.9383034958735098, 0.02168895523456962, 0.009859633056559947, 0.009859633056559947, 0.010428649722240706, 0.009859633056559947], [0.9382200502303188, 0.022457345488877813, 0.00983065107020083, 0.00983065107020083, 0.00983065107020083, 0.00983065107020083], [0.9376649732016776, 0.023067705480578054, 0.009816830329436081, 0.009816830329436081, 0.009816830329436081, 0.009816830329436081], [0.9219967996920322, 0.03412239161299332, 0.009847759988310077, 0.009847759988310077, 0.014337528730044236, 0.009847759988310077], [0.932690931894225, 0.027250794464795842, 0.009824851733620427, 0.009824851733620427, 0.010583718440117736, 0.009824851733620427], [0.9259570543568381, 0.031776756801003184, 0.009851668818577176, 0.009851668818577176, 0.012711182386427353, 0.009851668818577176], [0.9199113095851253, 0.03621924329466129, 0.009866606099894794, 0.009866606099894794, 0.01426962882052902, 0.009866606099894794], [0.9098102712739701, 0.0436500547092097, 0.009891680187337102, 0.009891680187337102, 0.016864633454808882, 0.009891680187337102], [0.9523807278676467, 0.00952385442647066, 0.00952385442647066, 0.00952385442647066, 0.00952385442647066, 0.00952385442647066], [0.9523807278676467, 0.00952385442647066, 0.00952385442647066, 0.00952385442647066, 0.00952385442647066, 0.00952385442647066], [0.9157278961672889, 0.037912802173752334, 0.014149914112422267, 0.01003423709149767, 0.012257670955225364, 0.009917479499813383], [0.9089465698074289, 0.050386325547172095, 0.00984260276934736, 0.00984260276934736, 0.011139296337356965, 0.00984260276934736], [0.027693589054246574, 0.06559948340981539, 0.009796668762166505, 0.009796668762166505, 0.8773169212494385, 0.009796668762166505], [0.025947030619962057, 0.053726586298863836, 0.009848647991569945, 0.014765568461479623, 0.8858635186365545, 0.009848647991569945], [0.03675638973867331, 0.054112832590684695, 0.009818340297260936, 0.009818340297260936, 0.8796757567788591, 0.009818340297260936], [0.9148984751807755, 0.044517837653295256, 0.009847047094586897, 0.009847047094586897, 0.011042545882168646, 0.009847047094586897], [0.9196169778449214, 0.04056194741816896, 0.009844208276429744, 0.009844208276429744, 0.010288449907620454, 0.009844208276429744], [0.025801637497002625, 0.042984684675354656, 0.009865052477425989, 0.021057686328555987, 0.8904258865442347, 0.009865052477425989], [0.9144829841013211, 0.03647739354794822, 0.010663083475664496, 0.016049894692357555, 0.012405451385734744, 0.00992119279697388], [0.9523807278676467, 0.00952385442647066, 0.00952385442647066, 0.00952385442647066, 0.00952385442647066, 0.00952385442647066], [0.8973929968801788, 0.03272459637276549, 0.018701698968099947, 0.017629401286694033, 0.023619200241488968, 0.009932106250772812], [0.9261266672800851, 0.030243152659017638, 0.009904786071037845, 0.009904786071037845, 0.013915821847783843, 0.009904786071037845], [0.9124637029787118, 0.02981768526004686, 0.009931296511673323, 0.023707579710829086, 0.014148439027065519, 0.009931296511673323], [0.9268918938188893, 0.029374365071841577, 0.009906472617649317, 0.009906472617649317, 0.01401432325632119, 0.009906472617649317], [0.9247697257252481, 0.03203757277779917, 0.009873976432306843, 0.009873976432306843, 0.013570772200032128, 0.009873976432306843], [0.9208757907613238, 0.035337222915512986, 0.009871766812238858, 0.009871766812238858, 0.014171685886446544, 0.009871766812238858], [0.9023613642548206, 0.048997362975926384, 0.009877980738378719, 0.009877980738378719, 0.019007330554116932, 0.009877980738378719], [0.8970092117889967, 0.052726016746980804, 0.009895311481024432, 0.009895311481024432, 0.02057883702094918, 0.009895311481024432], [0.8922789722062204, 0.05705271848877913, 0.009890504779856864, 0.009890504779856864, 0.020996794965429957, 0.009890504779856864], [0.4208020998035292, 0.08663531756986263, 0.009895876170398454, 0.17012622171507613, 0.30264460857073516, 0.009895876170398454], [0.8997997684834232, 0.05084402071978948, 0.009881671404948254, 0.009881671404948254, 0.01971119658194252, 0.009881671404948254], [0.9075710527034754, 0.044652889571948955, 0.009874478291943874, 0.009874478291943874, 0.01815262284874388, 0.009874478291943874], [0.9091467055742408, 0.044244607564894324, 0.009852728725529666, 0.009852728725529666, 0.017050500684275747, 0.009852728725529666], [0.9106452539106565, 0.04312423014580393, 0.009855350555978235, 0.009855350555978235, 0.016664464275604834, 0.009855350555978235], [0.9073704110232544, 0.04585798843488499, 0.009857194146218917, 0.009857194146218917, 0.01720001810320387, 0.009857194146218917], [0.8978829980228433, 0.05295544368655139, 0.009880389862823817, 0.009880389862823817, 0.019520388702133906, 0.009880389862823817], [0.028644568044116532, 0.0384647864619643, 0.009876283501157703, 0.009876283501157703, 0.903261794990446, 0.009876283501157703], [0.02777339531931643, 0.03397551479534603, 0.009931678763524255, 0.009926450214817119, 0.908466510692179, 0.009926450214817119], [0.9523807278676467, 0.00952385442647066, 0.00952385442647066, 0.00952385442647066, 0.00952385442647066, 0.00952385442647066]], [[0.9523807278676467, 0.00952385442647066, 0.00952385442647066, 0.00952385442647066, 0.00952385442647066, 0.00952385442647066], [0.9364820771636915, 0.023154374654939726, 0.009861308261267333, 0.009861308261267333, 0.010779623397566844, 0.009861308261267333], [0.936235569066926, 0.0239563758498766, 0.009841130839744128, 0.009841130839744128, 0.01028466256396504, 0.009841130839744128], [0.9198454053342955, 0.03510715550738129, 0.009869762549979729, 0.009869762549979729, 0.015438151508384053, 0.009869762549979729], [0.9179199253793483, 0.03733889595479757, 0.009853168366617735, 0.009853168366617735, 0.01518167356600076, 0.009853168366617735], [0.911876262849475, 0.04157623290519878, 0.009868562085937857, 0.009868562085937857, 0.01694181798751265, 0.009868562085937857], [0.9211062817671758, 0.03606820708134215, 0.009848854174989236, 0.009848854174989236, 0.013278948626514332, 0.009848854174989236], [0.033047818130893386, 0.04231523978937382, 0.009901938793722373, 0.009901938793722373, 0.8949311256985658, 0.009901938793722373], [0.39381316824075996, 0.08585649549687928, 0.009894302589390279, 0.1358597840527559, 0.3646819470308244, 0.009894302589390279], [0.9072501571385462, 0.044999935069093916, 0.009911352433498093, 0.009911352433498093, 0.018015850491865756, 0.009911352433498093], [0.9523807278676467, 0.00952385442647066, 0.00952385442647066, 0.00952385442647066, 0.00952385442647066, 0.00952385442647066], [0.030883188332129014, 0.03862580608022464, 0.009849945663318604, 0.009849945663318604, 0.9009411685976905, 0.009849945663318604], [0.029497565287716715, 0.041488466961830194, 0.00981294524045212, 0.00981294524045212, 0.8995751320290967, 0.00981294524045212], [0.02589038926166634, 0.048440408955761204, 0.009843461968671632, 0.009843461968671632, 0.8961388158765575, 0.009843461968671632], [0.9006145257429838, 0.06006870762049753, 0.009829191659129656, 0.009829191659129656, 0.009829191659129656, 0.009829191659129656], [0.8717077654883101, 0.06293337607228604, 0.009846704727475465, 0.021315047852601077, 0.024350401131851825, 0.009846704727475465], [0.8850327611610005, 0.05021026439529331, 0.009841582560813923, 0.031543681555830774, 0.013530127766247495, 0.009841582560813923], [0.024876633269110163, 0.046334143831899655, 0.009855358350271874, 0.020456444018342745, 0.8886220621801036, 0.009855358350271874], [0.025700462140737255, 0.06462839018365092, 0.009804833427359536, 0.009804833427359536, 0.8802566473935332, 0.009804833427359536], [0.9098918816821688, 0.04843712922943441, 0.009820538885508458, 0.009820538885508458, 0.012209372431871203, 0.009820538885508458], [0.24299774435860166, 0.00982323917065846, 0.5390839248303398, 0.08182072649206311, 0.11645112597767845, 0.00982323917065846], [0.9523807278676467, 0.00952385442647066, 0.00952385442647066, 0.00952385442647066, 0.00952385442647066, 0.00952385442647066], [0.9523807278676467, 0.00952385442647066, 0.00952385442647066, 0.00952385442647066, 0.00952385442647066, 0.00952385442647066], [0.9523807278676467, 0.00952385442647066, 0.00952385442647066, 0.00952385442647066, 0.00952385442647066, 0.00952385442647066], [0.9036977993750273, 0.03339834106170469, 0.011319581556335397, 0.025220982704735526, 0.016416221894341623, 0.009947073407855432], [0.9192822635720275, 0.035335035156769626, 0.009909828281988315, 0.009909828281988315, 0.015653216425238054, 0.009909828281988315], [0.9139645431008051, 0.0406323533471617, 0.00988593448802401, 0.00988593448802401, 0.0157453000879612, 0.00988593448802401], [0.03217095556454597, 0.041688418373519144, 0.009887629135628184, 0.009887629135628184, 0.8964777386550503, 0.009887629135628184], [0.04215672779524511, 0.05528704536584261, 0.009914270535891334, 0.010739271569279877, 0.8719884141978498, 0.009914270535891334], [0.041033945800585434, 0.05509846480538387, 0.00989824752279726, 0.00989824752279726, 0.8741728468256389, 0.00989824752279726], [0.8951871735406018, 0.05439761968519786, 0.009892438390125376, 0.009892438390125376, 0.020737891603824044, 0.009892438390125376], [0.9065362628400527, 0.046044405342699664, 0.009863856263716358, 0.009863856263716358, 0.01782776302609846, 0.009863856263716358], [0.9148265904136428, 0.039578980210316854, 0.009854726879032981, 0.009854726879032981, 0.016030248738941346, 0.009854726879032981], [0.9149349844242587, 0.03933838658362329, 0.009854203212259377, 0.009854203212259377, 0.016164019355339936, 0.009854203212259377], [0.9139265524066369, 0.03956373992238859, 0.009872659727543634, 0.009872659727543634, 0.016891728488343548, 0.009872659727543634], [0.037821497634806224, 0.04528010751711775, 0.009922706332878835, 0.010753800272819731, 0.8862991819094987, 0.009922706332878835], [0.8995390833428085, 0.050269872596232466, 0.009907373079835677, 0.009907373079835677, 0.020468924821451906, 0.009907373079835677], [0.029970852976592317, 0.037012380146801444, 0.009917186715912223, 0.009917186715912223, 0.9032652067288697, 0.009917186715912223], [0.922893077662574, 0.03257342121301356, 0.009905971966591999, 0.009905971966591999, 0.014815585224636491, 0.009905971966591999], [0.9523807278676467, 0.00952385442647066, 0.00952385442647066, 0.00952385442647066, 0.00952385442647066, 0.00952385442647066]], [[0.9523807278676467, 0.00952385442647066, 0.00952385442647066, 0.00952385442647066, 0.00952385442647066, 0.00952385442647066], [0.019102974753910904, 0.023191009373374788, 0.009898486590674849, 0.009898486590674849, 0.9280105561006897, 0.009898486590674849], [0.0192213776162048, 0.024178320206525255, 0.0098738337597603, 0.0098738337597603, 0.926978800897989, 0.0098738337597603], [0.9183126777939186, 0.03630147189470724, 0.009874535936281948, 0.009874535936281948, 0.015762242502528234, 0.009874535936281948], [0.031080078618219806, 0.03748034408085475, 0.009909983655935217, 0.009909983655935217, 0.9017096263331199, 0.009909983655935217], [0.9112302761284805, 0.042226340897787325, 0.00986697477455489, 0.00986697477455489, 0.01694245865006743, 0.00986697477455489], [0.038470067585489605, 0.04833204487335984, 0.009922019256839235, 0.010917533784701226, 0.8824363152427709, 0.009922019256839235], [0.02993981791579803, 0.04920432732759461, 0.009881542070789897, 0.009881542070789897, 0.8912112285442376, 0.009881542070789897], [0.033047818130893386, 0.04231523978937382, 0.009901938793722373, 0.009901938793722373, 0.8949311256985658, 0.009901938793722373], [0.9182348849039176, 0.03780024416222087, 0.009862561253824289, 0.009862561253824289, 0.014377187172388577, 0.009862561253824289], [0.02871487832662135, 0.0337967887866191, 0.009893216066326623, 0.009893216066326623, 0.9078086846877796, 0.009893216066326623], [0.9523807278676467, 0.00952385442647066, 0.00952385442647066, 0.00952385442647066, 0.00952385442647066, 0.00952385442647066], [0.9523807278676467, 0.00952385442647066, 0.00952385442647066, 0.00952385442647066, 0.00952385442647066, 0.00952385442647066], [0.027180190695984253, 0.03710689107445208, 0.009858285396510364, 0.009858285396510364, 0.9061380620400327, 0.009858285396510364], [0.9030832997370736, 0.05742245262169313, 0.009786562394932174, 0.009786562394932174, 0.010134560456436896, 0.009786562394932174], [0.029734576631688634, 0.055318309241405884, 0.009803198218005928, 0.009803198218005928, 0.8855375194728878, 0.009803198218005928], [0.03583716913481387, 0.05275098093465262, 0.009856159198603118, 0.011697072657352514, 0.8800024588759747, 0.009856159198603118], [0.8899007637030877, 0.06083991313808159, 0.009849346732857724, 0.01595001226482258, 0.013610617428292598, 0.009849346732857724], [0.8907365515554085, 0.06961150084804078, 0.009800925501365996, 0.009800925501365996, 0.01024917109245252, 0.009800925501365996], [0.9081744937081687, 0.03384609298325915, 0.009872804086255536, 0.026528845668137735, 0.01170495946792325, 0.009872804086255536], [0.028487278436131323, 0.05498131680135808, 0.009882713449720755, 0.009882713449720755, 0.8868832644133484, 0.009882713449720755], [0.038396353714902916, 0.03570191016019194, 0.01122758035610737, 0.020121397020349725, 0.8846059084223176, 0.009946850326130484], [0.9129678127442664, 0.03286650319849336, 0.010059900685183984, 0.01898531100580134, 0.015179164731727448, 0.009941307634527625], [0.8982521404609664, 0.03298629081054811, 0.011604271281168742, 0.03074831965766861, 0.016460755058721365, 0.009948222730926786], [0.9523807278676467, 0.00952385442647066, 0.00952385442647066, 0.00952385442647066, 0.00952385442647066, 0.00952385442647066], [0.9037929087274911, 0.04161053663435814, 0.01362539091683829, 0.01084991096596381, 0.020163890426573954, 0.009957362328774826], [0.41249153028947844, 0.07995246744420943, 0.009953798940161537, 0.15666081180905542, 0.3309875925769336, 0.009953798940161537], [0.9039542686287625, 0.046669256137435104, 0.010243739896538515, 0.009936365303544241, 0.019260004730175473, 0.009936365303544241], [0.9068135028516647, 0.046291451852075366, 0.009893302440833644, 0.009893302440833644, 0.01721513797375898, 0.009893302440833644], [0.03064598232919066, 0.04107616617766666, 0.009856421290640955, 0.009856421290640955, 0.8987085876212197, 0.009856421290640955], [0.9009927836100466, 0.050955413122596084, 0.009862333798987101, 0.009862333798987101, 0.018464801870395932, 0.009862333798987101], [0.03544397380975377, 0.046407001524447995, 0.009861347163429958, 0.009861347163429958, 0.8885649831755082, 0.009861347163429958], [0.03304868585014476, 0.04105136504492998, 0.009868968110344135, 0.009868968110344135, 0.8962930447738928, 0.009868968110344135], [0.9164571734661702, 0.03860727218843686, 0.009842812166340814, 0.009842812166340814, 0.01540711784637049, 0.009842812166340814], [0.911481473005037, 0.040732017102704236, 0.009889667096772565, 0.009889667096772565, 0.018117508601940918, 0.009889667096772565], [0.9044756871943647, 0.046195820189757104, 0.009898696046655161, 0.009898696046655161, 0.01963240447591266, 0.009898696046655161], [0.8985585871030936, 0.04901659694733143, 0.009925006381607208, 0.010745879598242062, 0.0218289235881185, 0.009925006381607208], [0.9164615439909419, 0.03790390122463464, 0.009901939548447527, 0.009901939548447527, 0.015928736139080867, 0.009901939548447527], [0.9190842623589681, 0.03422677577588833, 0.010498859892622682, 0.009929037339652764, 0.016332027293215482, 0.009929037339652764], [0.9523807278676467, 0.00952385442647066, 0.00952385442647066, 0.00952385442647066, 0.00952385442647066, 0.00952385442647066]], [[0.9523807278676467, 0.00952385442647066, 0.00952385442647066, 0.00952385442647066, 0.00952385442647066, 0.00952385442647066], [0.9354907721982638, 0.02330399330948592, 0.009884880702667945, 0.009884880702667945, 0.011550592384246373, 0.009884880702667945], [0.9350536169489083, 0.024427633715433918, 0.009858777518530112, 0.009858777518530112, 0.01094241678006732, 0.009858777518530112], [0.030330005240624822, 0.036406154565514354, 0.00993022597270375, 0.010466637428074032, 0.9029367508203794, 0.00993022597270375], [0.9142963852600603, 0.03907761521674285, 0.009883785183423227, 0.009883785183423227, 0.016974643972927122, 0.009883785183423227], [0.908430439810536, 0.04319867972204694, 0.009896121645636906, 0.009896121645636906, 0.018682515530506302, 0.009896121645636906], [0.9007700474165027, 0.04901507998392204, 0.009910695689703736, 0.009910695689703736, 0.020482785530464072, 0.009910695689703736], [0.9026119291504595, 0.04687258534564673, 0.00991551849329313, 0.010056279894136705, 0.020628168623170753, 0.00991551849329313], [0.9212421559871593, 0.035776865694608334, 0.00984905444700534, 0.00984905444700534, 0.013433814977216229, 0.00984905444700534], [0.9265747863283583, 0.03164335292876381, 0.009839046415433867, 0.009839046415433867, 0.012264721496576389, 0.009839046415433867], [0.9247125062422739, 0.034353509393147054, 0.0098315150270915, 0.0098315150270915, 0.011439439283304516, 0.0098315150270915], [0.9523807278676467, 0.00952385442647066, 0.00952385442647066, 0.00952385442647066, 0.00952385442647066, 0.00952385442647066], [0.9523807278676467, 0.00952385442647066, 0.00952385442647066, 0.00952385442647066, 0.00952385442647066, 0.00952385442647066], [0.9089187693062204, 0.03973247532508604, 0.020384676547354732, 0.009863508426674392, 0.0112370619679901, 0.009863508426674392], [0.028761641649289897, 0.039066105302775975, 0.009878295252265626, 0.021859833670655353, 0.8905558288727474, 0.009878295252265626], [0.24744828095038734, 0.5242210905025907, 0.009853457701044989, 0.094386945531112, 0.11423676761381997, 0.009853457701044989], [0.9084869006074655, 0.04972907812797644, 0.009820224908025324, 0.009820224908025324, 0.012323346540482113, 0.009820224908025324], [0.03506652248194068, 0.0529875102364145, 0.009885808537556167, 0.024502156644829208, 0.8676721935617033, 0.009885808537556167], [0.032855794912065264, 0.04483397444594524, 0.009884985043220136, 0.02433368961472901, 0.8782065709408203, 0.009884985043220136], [0.8962364479510844, 0.04624774050216463, 0.009874319833024557, 0.02652828076104779, 0.011238891119654003, 0.009874319833024557], [0.036361220571643926, 0.04036057845442872, 0.00991620885013943, 0.01821127177461656, 0.885234511499032, 0.00991620885013943], [0.9209370857883693, 0.029829307267964494, 0.009900129664820295, 0.01691840330433422, 0.01251494430969126, 0.009900129664820295], [0.9125054651484287, 0.039446920949396024, 0.009882753080589108, 0.009882753080589108, 0.018399354660408054, 0.009882753080589108], [0.9270540854014003, 0.029520560056582747, 0.009895231299217447, 0.009895231299217447, 0.0137396606443645, 0.009895231299217447], [0.030403824610410253, 0.03432425233104463, 0.014406440472861694, 0.011122591425634435, 0.8997811596631321, 0.009961731496916839], [0.9523807278676467, 0.00952385442647066, 0.00952385442647066, 0.00952385442647066, 0.00952385442647066, 0.00952385442647066], [0.9004899597342377, 0.04586940958393017, 0.012335694532780878, 0.010510859309323018, 0.020841768193056897, 0.00995230864667127], [0.9009518717481595, 0.04751722361711249, 0.0111785448588555, 0.009946212841917088, 0.020459934092038508, 0.009946212841917088], [0.457049315615670