{"round_id": "fd82f643-15e2-40e7-9866-8d8f5157081c", "predictions": {"0": [[[0.952380725622503, 0.009523854875499407, 0.009523854875499407, 0.009523854875499407, 0.009523854875499407, 0.009523854875499407], [0.952380725622503, 0.009523854875499407, 0.009523854875499407, 0.009523854875499407, 0.009523854875499407, 0.009523854875499407], [0.952380725622503, 0.009523854875499407, 0.009523854875499407, 0.009523854875499407, 0.009523854875499407, 0.009523854875499407], [0.952380725622503, 0.009523854875499407, 0.009523854875499407, 0.009523854875499407, 0.009523854875499407, 0.009523854875499407], [0.952380725622503, 0.009523854875499407, 0.009523854875499407, 0.009523854875499407, 0.009523854875499407, 0.009523854875499407], [0.952380725622503, 0.009523854875499407, 0.009523854875499407, 0.009523854875499407, 0.009523854875499407, 0.009523854875499407], [0.952380725622503, 0.009523854875499407, 0.009523854875499407, 0.009523854875499407, 0.009523854875499407, 0.009523854875499407], [0.952380725622503, 0.009523854875499407, 0.009523854875499407, 0.009523854875499407, 0.009523854875499407, 0.009523854875499407], [0.952380725622503, 0.009523854875499407, 0.009523854875499407, 0.009523854875499407, 0.009523854875499407, 0.009523854875499407], [0.952380725622503, 0.009523854875499407, 0.009523854875499407, 0.009523854875499407, 0.009523854875499407, 0.009523854875499407], [0.952380725622503, 0.009523854875499407, 0.009523854875499407, 0.009523854875499407, 0.009523854875499407, 0.009523854875499407], [0.952380725622503, 0.009523854875499407, 0.009523854875499407, 0.009523854875499407, 0.009523854875499407, 0.009523854875499407], [0.952380725622503, 0.009523854875499407, 0.009523854875499407, 0.009523854875499407, 0.009523854875499407, 0.009523854875499407], [0.952380725622503, 0.009523854875499407, 0.009523854875499407, 0.009523854875499407, 0.009523854875499407, 0.009523854875499407], [0.952380725622503, 0.009523854875499407, 0.009523854875499407, 0.009523854875499407, 0.009523854875499407, 0.009523854875499407], [0.952380725622503, 0.009523854875499407, 0.009523854875499407, 0.009523854875499407, 0.009523854875499407, 0.009523854875499407], [0.952380725622503, 0.009523854875499407, 0.009523854875499407, 0.009523854875499407, 0.009523854875499407, 0.009523854875499407], [0.952380725622503, 0.009523854875499407, 0.009523854875499407, 0.009523854875499407, 0.009523854875499407, 0.009523854875499407], [0.952380725622503, 0.009523854875499407, 0.009523854875499407, 0.009523854875499407, 0.009523854875499407, 0.009523854875499407], [0.952380725622503, 0.009523854875499407, 0.009523854875499407, 0.009523854875499407, 0.009523854875499407, 0.009523854875499407], [0.952380725622503, 0.009523854875499407, 0.009523854875499407, 0.009523854875499407, 0.009523854875499407, 0.009523854875499407], [0.952380725622503, 0.009523854875499407, 0.009523854875499407, 0.009523854875499407, 0.009523854875499407, 0.009523854875499407], [0.952380725622503, 0.009523854875499407, 0.009523854875499407, 0.009523854875499407, 0.009523854875499407, 0.009523854875499407], [0.952380725622503, 0.009523854875499407, 0.009523854875499407, 0.009523854875499407, 0.009523854875499407, 0.009523854875499407], [0.952380725622503, 0.009523854875499407, 0.009523854875499407, 0.009523854875499407, 0.009523854875499407, 0.009523854875499407], [0.952380725622503, 0.009523854875499407, 0.009523854875499407, 0.009523854875499407, 0.009523854875499407, 0.009523854875499407], [0.952380725622503, 0.009523854875499407, 0.009523854875499407, 0.009523854875499407, 0.009523854875499407, 0.009523854875499407], [0.952380725622503, 0.009523854875499407, 0.009523854875499407, 0.009523854875499407, 0.009523854875499407, 0.009523854875499407], [0.952380725622503, 0.009523854875499407, 0.009523854875499407, 0.009523854875499407, 0.009523854875499407, 0.009523854875499407], [0.952380725622503, 0.009523854875499407, 0.009523854875499407, 0.009523854875499407, 0.009523854875499407, 0.009523854875499407], [0.952380725622503, 0.009523854875499407, 0.009523854875499407, 0.009523854875499407, 0.009523854875499407, 0.009523854875499407], [0.952380725622503, 0.009523854875499407, 0.009523854875499407, 0.009523854875499407, 0.009523854875499407, 0.009523854875499407], [0.952380725622503, 0.009523854875499407, 0.009523854875499407, 0.009523854875499407, 0.009523854875499407, 0.009523854875499407], [0.952380725622503, 0.009523854875499407, 0.009523854875499407, 0.009523854875499407, 0.009523854875499407, 0.009523854875499407], [0.952380725622503, 0.009523854875499407, 0.009523854875499407, 0.009523854875499407, 0.009523854875499407, 0.009523854875499407], [0.952380725622503, 0.009523854875499407, 0.009523854875499407, 0.009523854875499407, 0.009523854875499407, 0.009523854875499407], [0.952380725622503, 0.009523854875499407, 0.009523854875499407, 0.009523854875499407, 0.009523854875499407, 0.009523854875499407], [0.952380725622503, 0.009523854875499407, 0.009523854875499407, 0.009523854875499407, 0.009523854875499407, 0.009523854875499407], [0.952380725622503, 0.009523854875499407, 0.009523854875499407, 0.009523854875499407, 0.009523854875499407, 0.009523854875499407], [0.952380725622503, 0.009523854875499407, 0.009523854875499407, 0.009523854875499407, 0.009523854875499407, 0.009523854875499407]], [[0.952380725622503, 0.009523854875499407, 0.009523854875499407, 0.009523854875499407, 0.009523854875499407, 0.009523854875499407], [0.952380725622503, 0.009523854875499407, 0.009523854875499407, 0.009523854875499407, 0.009523854875499407, 0.009523854875499407], [0.9328250320355089, 0.02774773186782319, 0.00985680902416697, 0.00985680902416697, 0.00985680902416697, 0.00985680902416697], [0.9164043532850337, 0.04414073351239598, 0.009863728300642579, 0.009863728300642579, 0.009863728300642579, 0.009863728300642579], [0.952380725622503, 0.009523854875499407, 0.009523854875499407, 0.009523854875499407, 0.009523854875499407, 0.009523854875499407], [0.952380725622503, 0.009523854875499407, 0.009523854875499407, 0.009523854875499407, 0.009523854875499407, 0.009523854875499407], [0.952380725622503, 0.009523854875499407, 0.009523854875499407, 0.009523854875499407, 0.009523854875499407, 0.009523854875499407], [0.03387166994712834, 0.1640510283380046, 0.07332887758651799, 0.027609753514646524, 0.691217884406674, 0.009920786207028541], [0.03491103258664219, 0.19847378982046504, 0.0650935742541152, 0.009872208380588745, 0.6817771865776001, 0.009872208380588745], [0.6355564266733963, 0.24883691137084066, 0.07173246733017814, 0.009862851851467057, 0.024148490922650756, 0.009862851851467057], [0.7194664331419697, 0.14161341096278252, 0.09434991904640455, 0.009867108474902919, 0.024836019899037345, 0.009867108474902919], [0.04349845123601359, 0.1819288052466509, 0.07473720599653466, 0.028495995358902643, 0.6614139837271462, 0.009925558434752124], [0.6884940079479306, 0.19533802130551423, 0.080049819135259, 0.009867915081849008, 0.016382321447598176, 0.009867915081849008], [0.7341338769939629, 0.17140075807145003, 0.036015112632055, 0.009870961163587875, 0.038708329975356254, 0.009870961163587875], [0.8801508096859996, 0.0735112212446024, 0.014105089952655322, 0.012408637165387515, 0.009912120975677579, 0.009912120975677579], [0.7940470784281208, 0.1329262851726131, 0.04344013492670375, 0.009862167157520776, 0.009862167157520776, 0.009862167157520776], [0.8226994193207918, 0.12579319001062472, 0.013474973295980243, 0.012057723140588953, 0.016055517571556745, 0.009919176660457692], [0.8614848649147759, 0.08813942558009336, 0.020813861058614117, 0.009853949482172246, 0.009853949482172246, 0.009853949482172246], [0.8397830986337422, 0.08900189425561654, 0.0355012127685851, 0.009866103248708775, 0.015981587844638497, 0.009866103248708775], [0.8307719338510489, 0.09121660463812895, 0.04243256324863708, 0.009862397118495693, 0.015854104025193782, 0.009862397118495693], [0.03152763220974417, 0.12064149292032651, 0.05002800102557025, 0.009866358518851677, 0.7780701568066558, 0.009866358518851677], [0.9066598710460049, 0.051494973270070805, 0.012333644627825963, 0.0098371703520328, 0.0098371703520328, 0.0098371703520328], [0.01719775624844461, 0.09663663577076215, 0.01418269977924259, 0.012699553598993432, 0.8493612632602764, 0.009922091342280736], [0.8613530119332401, 0.09643680631990897, 0.009887429446511074, 0.012547893407317792, 0.009887429446511074, 0.009887429446511074], [0.952380725622503, 0.009523854875499407, 0.009523854875499407, 0.009523854875499407, 0.009523854875499407, 0.009523854875499407], [0.952380725622503, 0.009523854875499407, 0.009523854875499407, 0.009523854875499407, 0.009523854875499407, 0.009523854875499407], [0.952380725622503, 0.009523854875499407, 0.009523854875499407, 0.009523854875499407, 0.009523854875499407, 0.009523854875499407], [0.04742284620436014, 0.24294206051964456, 0.04702013643869274, 0.01510522995953382, 0.6375769301336448, 0.009932796744123945], [0.7179311994574241, 0.15322946998084422, 0.08845985479897475, 0.012709334338553377, 0.017749296550431733, 0.009920844873771956], [0.03486740223517279, 0.163335010312437, 0.08921333510293271, 0.00988674411796361, 0.6928107641135303, 0.00988674411796361], [0.7762955322464012, 0.11232128622767802, 0.06564310145290149, 0.012125139028700991, 0.02369559297617247, 0.009919348068145699], [0.8428306332776251, 0.08498736361276482, 0.03644819458774797, 0.009872579253345387, 0.015988650015171375, 0.009872579253345387], [0.8713109487936687, 0.07683133154551001, 0.02225706902917503, 0.009866883543882099, 0.009866883543882099, 0.009866883543882099], [0.9152720044939376, 0.040128766516091506, 0.014996497491156398, 0.00986757716627149, 0.00986757716627149, 0.00986757716627149], [0.014458635220336498, 0.04605315229830614, 0.009909384698912095, 0.013129524839732244, 0.906539918243801, 0.009909384698912095], [0.9082472225863727, 0.05253882925674472, 0.009803487039220675, 0.009803487039220675, 0.009803487039220675, 0.009803487039220675], [0.9077741094573705, 0.05295446812850138, 0.009817855603532072, 0.009817855603532072, 0.009817855603532072, 0.009817855603532072], [0.9314517605932688, 0.02922977339132325, 0.009829616503851979, 0.009829616503851979, 0.009829616503851979, 0.009829616503851979], [0.898623428221847, 0.05776240926022109, 0.01407354667486208, 0.009846871947689914, 0.009846871947689914, 0.009846871947689914], [0.952380725622503, 0.009523854875499407, 0.009523854875499407, 0.009523854875499407, 0.009523854875499407, 0.009523854875499407]], [[0.952380725622503, 0.009523854875499407, 0.009523854875499407, 0.009523854875499407, 0.009523854875499407, 0.009523854875499407], [0.952380725622503, 0.009523854875499407, 0.009523854875499407, 0.009523854875499407, 0.009523854875499407, 0.009523854875499407], [0.952380725622503, 0.009523854875499407, 0.009523854875499407, 0.009523854875499407, 0.009523854875499407, 0.009523854875499407], [0.952380725622503, 0.009523854875499407, 0.009523854875499407, 0.009523854875499407, 0.009523854875499407, 0.009523854875499407], [0.952380725622503, 0.009523854875499407, 0.009523854875499407, 0.009523854875499407, 0.009523854875499407, 0.009523854875499407], [0.952380725622503, 0.009523854875499407, 0.009523854875499407, 0.009523854875499407, 0.009523854875499407, 0.009523854875499407], [0.7406214837655642, 0.13689347030083934, 0.06449430377779462, 0.009862619553237294, 0.03826550304932713, 0.009862619553237294], [0.6843867659233299, 0.26096776152609263, 0.009862705397114719, 0.011466360467342177, 0.023453701289005764, 0.009862705397114719], [0.04370398253161374, 0.2990580223330208, 0.009831381597311124, 0.009831381597311124, 0.6277438503434322, 0.009831381597311124], [0.6738372334693009, 0.27079812053896063, 0.009859330670687215, 0.01149383638427762, 0.02415214826608638, 0.009859330670687215], [0.2699535754720449, 0.5792870708198106, 0.00980437639319724, 0.00980437639319724, 0.12134622452855283, 0.00980437639319724], [0.6371852150340955, 0.3018842120218564, 0.009811257982984918, 0.009811257982984918, 0.03149679899509326, 0.009811257982984918], [0.6857349429184316, 0.25221455061799886, 0.00986293531855328, 0.026230759101010453, 0.016093876725452462, 0.00986293531855328], [0.7284579703341566, 0.21951850721792607, 0.009793624247934543, 0.009793624247934543, 0.022642649704113706, 0.009793624247934543], [0.07035301436417914, 0.257243553923442, 0.009877908336831625, 0.03453750768726064, 0.618110107351455, 0.009877908336831625], [0.802754963265935, 0.13753316222867368, 0.009804524453767786, 0.009804524453767786, 0.03029830114408781, 0.009804524453767786], [0.7677294374206232, 0.187519110078172, 0.00980142895502223, 0.00980142895502223, 0.015347165636137965, 0.00980142895502223], [0.040481547918118685, 0.15348228368683262, 0.009876944131045383, 0.01964027508805976, 0.7666420050448982, 0.009876944131045383], [0.795331916841003, 0.1524704604442699, 0.009800473901214373, 0.009800473901214373, 0.022796201011083785, 0.009800473901214373], [0.7869191369647609, 0.16061842558195416, 0.009804583771999768, 0.009804583771999768, 0.02304868613728554, 0.009804583771999768], [0.024684098610844352, 0.1533209418463774, 0.009808004840400472, 0.009808004840400472, 0.7925709450215768, 0.009808004840400472], [0.024890394699572087, 0.1361860156291786, 0.009828928199770291, 0.009828928199770291, 0.8094368050719384, 0.009828928199770291], [0.8131293581102319, 0.14772436330212768, 0.009786569646910126, 0.009786569646910126, 0.009786569646910126, 0.009786569646910126], [0.7712368349582525, 0.17232534290422963, 0.009887031552716695, 0.01982802841180186, 0.016835730620282572, 0.009887031552716695], [0.710531584081232, 0.15655775880391254, 0.07550005682523744, 0.028613149150966386, 0.018869984987467284, 0.00992746615118449], [0.952380725622503, 0.009523854875499407, 0.009523854875499407, 0.009523854875499407, 0.009523854875499407, 0.009523854875499407], [0.669202608079699, 0.1768914917209468, 0.10576886634995775, 0.00990345260330536, 0.028330128642785852, 0.00990345260330536], [0.28958234476617906, 0.49986696112449036, 0.009845496614846119, 0.009845496614846119, 0.18101420426479226, 0.009845496614846119], [0.03954058142729044, 0.28781444213166285, 0.009902020036762292, 0.02872299075286033, 0.6241179456146618, 0.009902020036762292], [0.7148419767348846, 0.23872609619193058, 0.009825822471247043, 0.009825822471247043, 0.016954459659443637, 0.009825822471247043], [0.7084239943563161, 0.23133626903319793, 0.009818965144543699, 0.009818965144543699, 0.030782841176854803, 0.009818965144543699], [0.7623221010542229, 0.13916367667230684, 0.009869736881450677, 0.05593809066060785, 0.022836657849961018, 0.009869736881450677], [0.8307595299630871, 0.13001870455597314, 0.009805441370234917, 0.009805441370234917, 0.009805441370234917, 0.009805441370234917], [0.8819006761831533, 0.07887127715316974, 0.009807011665919258, 0.009807011665919258, 0.009807011665919258, 0.009807011665919258], [0.8845489090516997, 0.07629287272764712, 0.009789554555163288, 0.009789554555163288, 0.009789554555163288, 0.009789554555163288], [0.9053236142823012, 0.05390014189405237, 0.009842130263861836, 0.011249853032061044, 0.009842130263861836, 0.009842130263861836], [0.9210818349119448, 0.03975800657861619, 0.00979003962735973, 0.00979003962735973, 0.00979003962735973, 0.00979003962735973], [0.9150947300335317, 0.04576598319059612, 0.009784821693968068, 0.009784821693968068, 0.009784821693968068, 0.009784821693968068], [0.014206971319537437, 0.030581635850885285, 0.009844775167576376, 0.009844775167576376, 0.9256770673268482, 0.009844775167576376], [0.952380725622503, 0.009523854875499407, 0.009523854875499407, 0.009523854875499407, 0.009523854875499407, 0.009523854875499407]], [[0.952380725622503, 0.009523854875499407, 0.009523854875499407, 0.009523854875499407, 0.009523854875499407, 0.009523854875499407], [0.952380725622503, 0.009523854875499407, 0.009523854875499407, 0.009523854875499407, 0.009523854875499407, 0.009523854875499407], [0.952380725622503, 0.009523854875499407, 0.009523854875499407, 0.009523854875499407, 0.009523854875499407, 0.009523854875499407], [0.952380725622503, 0.009523854875499407, 0.009523854875499407, 0.009523854875499407, 0.009523854875499407, 0.009523854875499407], [0.8796368712057668, 0.0786683924414887, 0.009870029306275873, 0.012084648433916913, 0.009870029306275873, 0.009870029306275873], [0.7800921482401234, 0.12741901794154334, 0.04966253334053489, 0.00986108592784321, 0.02310412862211194, 0.00986108592784321], [0.7382087923779437, 0.21741004235109052, 0.009791807228479544, 0.009791807228479544, 0.015005743585527063, 0.009791807228479544], [0.6511225979514186, 0.27480004027502464, 0.009788873654346142, 0.009788873654346142, 0.04471074081051844, 0.009788873654346142], [0.06612530771820974, 0.25040285834054116, 0.009812778127687893, 0.009812778127687893, 0.6540334995581856, 0.009812778127687893], [0.08501555567501679, 0.37393071626424823, 0.009850474026607292, 0.012771033472178107, 0.5085817465353422, 0.009850474026607292], [0.05724805950861819, 0.3165674529472876, 0.009816770320649577, 0.009816770320649577, 0.5967341765821454, 0.009816770320649577], [0.6270238069278533, 0.32935248772245007, 0.009852727110250668, 0.012544026558306802, 0.011374224570888417, 0.009852727110250668], [0.6047561005937994, 0.32287599859959526, 0.009851961321421172, 0.01235235338357817, 0.04031162478018485, 0.009851961321421172], [0.5623556975691939, 0.3734960733033759, 0.00984700132824768, 0.019370060750267655, 0.02508416572066725, 0.00984700132824768], [0.629910038811475, 0.3074021054478865, 0.0098114757550228, 0.0098114757550228, 0.03325342847557003, 0.0098114757550228], [0.03298622490826829, 0.25383138122093457, 0.009870452783984816, 0.028832660115050233, 0.6646088281877772, 0.009870452783984816], [0.667424603924331, 0.2660939228079493, 0.009858947911271385, 0.012930771128007886, 0.033832806317169124, 0.009858947911271385], [0.693908067799211, 0.24289559402125646, 0.009820369904953765, 0.009820369904953765, 0.03373522846467124, 0.009820369904953765], [0.05561771693196439, 0.1592625446593831, 0.009871921547919188, 0.021556196844744583, 0.7438196984680695, 0.009871921547919188], [0.7421654790074561, 0.20480595646923044, 0.00986427383221419, 0.013405623590151744, 0.019894393268733237, 0.00986427383221419], [0.7706015012282634, 0.16691286611715048, 0.009810634330976595, 0.009810634330976595, 0.033053729661656234, 0.009810634330976595], [0.8026566063732351, 0.15649249102268603, 0.009823633589719678, 0.009823633589719678, 0.011380001834919792, 0.009823633589719678], [0.7349362251817969, 0.21083424427334682, 0.0098622647833289, 0.01132367355427349, 0.02318132742392508, 0.0098622647833289], [0.6665689961236384, 0.20671926412509128, 0.07274237573960445, 0.02703470734622238, 0.01701611881177542, 0.009918537853668034], [0.952380725622503, 0.009523854875499407, 0.009523854875499407, 0.009523854875499407, 0.009523854875499407, 0.009523854875499407], [0.952380725622503, 0.009523854875499407, 0.009523854875499407, 0.009523854875499407, 0.009523854875499407, 0.009523854875499407], [0.952380725622503, 0.009523854875499407, 0.009523854875499407, 0.009523854875499407, 0.009523854875499407, 0.009523854875499407], [0.6484783285749713, 0.23936195020463966, 0.07313721647130053, 0.009878596817258174, 0.019265311114572057, 0.009878596817258174], [0.04590535025541249, 0.263412206462645, 0.009885878898183938, 0.020480139014437668, 0.650430546471137, 0.009885878898183938], [0.6666944775664437, 0.26577095209795754, 0.009866570830288156, 0.020847180398895684, 0.026954248276126788, 0.009866570830288156], [0.7195726896248572, 0.22123924579896626, 0.009866907284982105, 0.01327257605356354, 0.02618167395264886, 0.009866907284982105], [0.8219526850183997, 0.13472583974214353, 0.009864856817121381, 0.012987357892401503, 0.010604403712812531, 0.009864856817121381], [0.84704148118931, 0.10568469713231986, 0.009822304282177119, 0.009822304282177119, 0.017806908831838737, 0.009822304282177119], [0.02772886952362151, 0.09989029873640812, 0.009852410842896456, 0.009852410842896456, 0.8428235992112809, 0.009852410842896456], [0.8693962234057988, 0.09034266958814768, 0.009831696703856167, 0.009831696703856167, 0.010766016894485033, 0.009831696703856167], [0.9000006442707776, 0.05998403049032107, 0.009827117528350235, 0.009827117528350235, 0.010533972653850539, 0.009827117528350235], [0.7841068149602962, 0.15833416516606083, 0.009861583186158327, 0.012776065812886515, 0.025059787688439736, 0.009861583186158327], [0.02240994399743758, 0.07827213864293103, 0.009831127709365957, 0.009831127709365957, 0.8698245342315335, 0.009831127709365957], [0.9016400199923467, 0.054413850640975564, 0.009806711931805455, 0.009806711931805455, 0.014525993571261362, 0.009806711931805455], [0.952380725622503, 0.009523854875499407, 0.009523854875499407, 0.009523854875499407, 0.009523854875499407, 0.009523854875499407]], [[0.952380725622503, 0.009523854875499407, 0.009523854875499407, 0.009523854875499407, 0.009523854875499407, 0.009523854875499407], [0.013804256211444293, 0.04435135371729016, 0.00986644015078401, 0.00986644015078401, 0.9122450696189135, 0.00986644015078401], [0.952380725622503, 0.009523854875499407, 0.009523854875499407, 0.009523854875499407, 0.009523854875499407, 0.009523854875499407], [0.902770140248682, 0.047985877622611736, 0.01974421382745988, 0.009833256100415513, 0.009833256100415513, 0.009833256100415513], [0.023162826685874265, 0.10318779941612327, 0.009884325435644969, 0.012342743118563928, 0.8415379799081485, 0.009884325435644969], [0.024734015866496657, 0.1601138814423216, 0.009823379185427606, 0.009823379185427606, 0.7856819651348987, 0.009823379185427606], [0.7876739383213699, 0.16772910219620416, 0.00979359740168024, 0.00979359740168024, 0.015216167277385104, 0.00979359740168024], [0.6986830387161558, 0.25589837908691726, 0.009797665245109723, 0.009797665245109723, 0.016025586461597782, 0.009797665245109723], [0.2870822724702072, 0.5328776978850945, 0.009830559655715337, 0.009830559655715337, 0.1505483506775523, 0.009830559655715337], [0.6179540906552864, 0.32230135445110175, 0.00985478877908633, 0.012894025533462148, 0.027140951801977082, 0.00985478877908633], [0.6746505085231376, 0.2526344349292381, 0.009846332462080533, 0.01219043913910841, 0.04083195248435483, 0.009846332462080533], [0.06274917060131964, 0.3598092441605255, 0.00985449525964614, 0.01295638330495704, 0.5447762114139054, 0.00985449525964614], [0.06035360851418284, 0.42144257511897415, 0.009847760611099637, 0.012307074072363366, 0.4862012210722804, 0.009847760611099637], [0.047031391623479614, 0.26944070065305276, 0.009846340357806137, 0.012269914270221524, 0.6515653127376339, 0.009846340357806137], [0.6002212918988008, 0.314569606313816, 0.009808434306659447, 0.009808434306659447, 0.055783798867404866, 0.009808434306659447], [0.08751093536560992, 0.3592583076162849, 0.009866022422941228, 0.02134997419908511, 0.5121487379731375, 0.009866022422941228], [0.6527883018163282, 0.2658452077857342, 0.00985436005827723, 0.027540026177907146, 0.034117744103475976, 0.00985436005827723], [0.6789795547745228, 0.27177148624324005, 0.00982211274512235, 0.00982211274512235, 0.019782620746870185, 0.00982211274512235], [0.0727407442540294, 0.37275443994791163, 0.009851588177104933, 0.009851588177104933, 0.5249500512667442, 0.009851588177104933], [0.22826373288524446, 0.5853402649053352, 0.009848478917054046, 0.03070021760043276, 0.13599882677487962, 0.009848478917054046], [0.7564191931960164, 0.1971740030341189, 0.009868803677246143, 0.013721089077549825, 0.012948107337822728, 0.009868803677246143], [0.7156961922136644, 0.23747282633782685, 0.00987492122234308, 0.014034291873936976, 0.01304684712988549, 0.00987492122234308], [0.7052751740477842, 0.20882536587535364, 0.00986796493591497, 0.05629556526911726, 0.00986796493591497, 0.00986796493591497], [0.5993756552377868, 0.20526447178587306, 0.10285002360894374, 0.027410838226234184, 0.05517926722771694, 0.009919743913445122], [0.952380725622503, 0.009523854875499407, 0.009523854875499407, 0.009523854875499407, 0.009523854875499407, 0.009523854875499407], [0.952380725622503, 0.009523854875499407, 0.009523854875499407, 0.009523854875499407, 0.009523854875499407, 0.009523854875499407], [0.23045181607844314, 0.16871139127754745, 0.3832293937058402, 0.06802100816737557, 0.13966549196369274, 0.009920898807100885], [0.5980068224851485, 0.3196387389674744, 0.009894063384719046, 0.028184718226988675, 0.03438159355095036, 0.009894063384719046], [0.7103117304676061, 0.2500268518997532, 0.009826245992099828, 0.009826245992099828, 0.010182679656341209, 0.009826245992099828], [0.701669840505502, 0.21330977305861262, 0.009870801891731569, 0.03403350394223588, 0.031245278710186505, 0.009870801891731569], [0.760109211724601, 0.1845318747777554, 0.009821186308544285, 0.009821186308544285, 0.025895354572010733, 0.009821186308544285], [0.8379546634688133, 0.12212638958160439, 0.009815383674938375, 0.009815383674938375, 0.01047279592476714, 0.009815383674938375], [0.02880566961280574, 0.10255321376036024, 0.009842762363984313, 0.009842762363984313, 0.839112829534881, 0.009842762363984313], [0.038031416376112716, 0.12282260823206084, 0.009863030429572123, 0.009863030429572123, 0.8095568841031101, 0.009863030429572123], [0.7881314917726684, 0.17036587592165114, 0.009843305038407042, 0.009843305038407042, 0.011972717190459167, 0.009843305038407042], [0.8377074461222541, 0.11079517970935306, 0.00986552281213939, 0.02057937109938943, 0.011186957444724732, 0.00986552281213939], [0.787167824059129, 0.16453916146986386, 0.00982707805363938, 0.00982707805363938, 0.018811780310089007, 0.00982707805363938], [0.8009250158168518, 0.15477260929648598, 0.009801880643583647, 0.009801880643583647, 0.014896732955911166, 0.009801880643583647], [0.02317694587800314, 0.08874964851818958, 0.020514412798711384, 0.009866342863582976, 0.8478263070779298, 0.009866342863582976], [0.952380725622503, 0.009523854875499407, 0.009523854875499407, 0.009523854875499407, 0.009523854875499407, 0.009523854875499407]], [[0.952380725622503, 0.009523854875499407, 0.009523854875499407, 0.009523854875499407, 0.009523854875499407, 0.009523854875499407], [0.924987346925697, 0.035779900075673936, 0.009808188249657256, 0.009808188249657256, 0.009808188249657256, 0.009808188249657256], [0.9095936695861799, 0.051180469606035554, 0.009806465201946137, 0.009806465201946137, 0.009806465201946137, 0.009806465201946137], [0.952380725622503, 0.009523854875499407, 0.009523854875499407, 0.009523854875499407, 0.009523854875499407, 0.009523854875499407], [0.877404375309118, 0.07133985017848467, 0.02002226357674508, 0.011445650166667185, 0.009893930384492645, 0.009893930384492645], [0.03124463323350849, 0.1496675886197429, 0.009818414092784158, 0.009818414092784158, 0.7896325358683962, 0.009818414092784158], [0.7149717276197766, 0.23051594421357893, 0.009805621973251473, 0.009805621973251473, 0.025095462246890084, 0.009805621973251473], [0.032379060497295775, 0.26861514541014436, 0.009865809718862098, 0.01368997825501975, 0.6655841963998159, 0.009865809718862098], [0.6618835039464958, 0.2764051239359119, 0.00986841075580521, 0.013825736789444439, 0.028148813816537537, 0.00986841075580521], [0.6189249214082868, 0.314540724227232, 0.009855779809357715, 0.01280669435442846, 0.03401610039133727, 0.009855779809357715], [0.5859924805735756, 0.3119476329883899, 0.009848582622258798, 0.034393038106549936, 0.047969683086966954, 0.009848582622258798], [0.5436636627184513, 0.37884668550457495, 0.00983704636266622, 0.033403971335932515, 0.024411587715708692, 0.00983704636266622], [0.6469274642765622, 0.2673822331210717, 0.009841108392802696, 0.033741203872054884, 0.03226688194470584, 0.009841108392802696], [0.5731941252040654, 0.34112407307419573, 0.009837125829598788, 0.033537634744543486, 0.03246991531799779, 0.009837125829598788], [0.5779453973648576, 0.340526780830586, 0.009849390626449255, 0.04211468233546023, 0.01971435821619753, 0.009849390626449255], [0.262958920532597, 0.5637090698438291, 0.009803783924711084, 0.009803783924711084, 0.14392065784944078, 0.009803783924711084], [0.5825037087692214, 0.3222124832608379, 0.009847165684273112, 0.04180982578958181, 0.033779650811812514, 0.009847165684273112], [0.6016829100928484, 0.3401117553077166, 0.009848639892661487, 0.027101458254803975, 0.011406596559308155, 0.009848639892661487], [0.608661985000432, 0.3239004353940222, 0.00986004315947962, 0.013160800227625566, 0.03455669305896094, 0.00986004315947962], [0.6188558870178095, 0.2664138926670432, 0.009876798592215326, 0.07364022136617591, 0.021336401764540817, 0.009876798592215326], [0.7166750218809332, 0.22351089401925817, 0.009861899570289068, 0.02057177256007756, 0.019518512399152824, 0.009861899570289068], [0.6580112686695182, 0.22120667068698965, 0.00987484712267425, 0.06585070688519754, 0.03518165951294606, 0.00987484712267425], [0.6692800156470107, 0.26729348338409836, 0.009872592138654974, 0.01935241645280343, 0.02432890023877765, 0.009872592138654974], [0.6171302595361858, 0.34118091945506374, 0.00986986467758388, 0.011961964928544936, 0.009987126725037614, 0.00986986467758388], [0.04026275415093483, 0.23693388604979487, 0.08177933147005953, 0.021186115586765704, 0.6099136258791595, 0.009924286863285472], [0.06540711153074533, 0.24504598744539174, 0.1498280784233181, 0.014606684767312247, 0.5151841442657827, 0.009927993567449932], [0.952380725622503, 0.009523854875499407, 0.009523854875499407, 0.009523854875499407, 0.009523854875499407, 0.009523854875499407], [0.03207768763021107, 0.24759902899586966, 0.12758164549347983, 0.009901214909589319, 0.5729392080612609, 0.009901214909589319], [0.6377469140892584, 0.2981655776596188, 0.009878988349472033, 0.01965324775839807, 0.024676283793780493, 0.009878988349472033], [0.7604671632527781, 0.19394866427644192, 0.009820981822294841, 0.009820981822294841, 0.016121227003895438, 0.009820981822294841], [0.8039698228412763, 0.1405312540438553, 0.009842261630843008, 0.02597213822233946, 0.009842261630843008, 0.009842261630843008], [0.7896542332146416, 0.14498717720858087, 0.009860794526718319, 0.03499302768512627, 0.010643972838214643, 0.009860794526718319], [0.7744089296708846, 0.17007965711208528, 0.00982772104524725, 0.00982772104524725, 0.026028250081288253, 0.00982772104524725], [0.8195823528018826, 0.1331136636218656, 0.009881640323238882, 0.014447857653114574, 0.013092845276659444, 0.009881640323238882], [0.7192103229582482, 0.21153224388771621, 0.009881581261597555, 0.029212627634215577, 0.020281642996625063, 0.009881581261597555], [0.6982188024755549, 0.2117376488301918, 0.009871354766403249, 0.05073530874954859, 0.01956553041189798, 0.009871354766403249], [0.7435210586530537, 0.19967406013314545, 0.009839027753109355, 0.009839027753109355, 0.027287797954472642, 0.009839027753109355], [0.7893288782301253, 0.16567262379029027, 0.009810472385714765, 0.009810472385714765, 0.015567080822440054, 0.009810472385714765], [0.024344736620165393, 0.06947808851971182, 0.0505564341706034, 0.009871181090531873, 0.8358783785084555, 0.009871181090531873], [0.952380725622503, 0.009523854875499407, 0.009523854875499407, 0.009523854875499407, 0.009523854875499407, 0.009523854875499407]], [[0.952380725622503, 0.009523854875499407, 0.009523854875499407, 0.009523854875499407, 0.009523854875499407, 0.009523854875499407], [0.013182017327054738, 0.027998675058689478, 0.009860116778296053, 0.009860116778296053, 0.9292389572793676, 0.009860116778296053], [0.9246617269104227, 0.03616565592328254, 0.009793154291573727, 0.009793154291573727, 0.009793154291573727, 0.009793154291573727], [0.952380725622503, 0.009523854875499407, 0.009523854875499407, 0.009523854875499407, 0.009523854875499407, 0.009523854875499407], [0.8683359448081053, 0.08422291930196925, 0.012694031961766605, 0.009859551488495483, 0.015028000951167901, 0.009859551488495483], [0.8449712209705166, 0.1109325182416902, 0.009794350257123224, 0.009794350257123224, 0.014713210016423567, 0.009794350257123224], [0.7923792173778802, 0.1343041827559636, 0.009860665310713277, 0.027680875958367657, 0.025914393286361935, 0.009860665310713277], [0.7205432557779973, 0.22004151795946472, 0.00986301778440913, 0.0205708917462814, 0.019118298947438363, 0.00986301778440913], [0.7101067262281238, 0.21148207785688317, 0.009884671015191695, 0.029643815861614763, 0.028998038022994825, 0.009884671015191695], [0.6384479495092753, 0.26478496117717626, 0.009863673939394111, 0.04284150994992381, 0.03419823148483635, 0.009863673939394111], [0.6032399811544958, 0.3317017093472153, 0.009850499396482297, 0.027078633689729053, 0.018278677015595126, 0.009850499396482297], [0.04876978616755052, 0.318437087663296, 0.009848962805324582, 0.019961765828523326, 0.5931334347299809, 0.009848962805324582], [0.5931523115030864, 0.3389002691616311, 0.009774791119948887, 0.009774791119948887, 0.038623045975435796, 0.009774791119948887], [0.5739181600525476, 0.38042864686561007, 0.009765233487248157, 0.009765233487248157, 0.01635749262009789, 0.009765233487248157], [0.6095597440011137, 0.3036137936940649, 0.009838995496901587, 0.026466220296099876, 0.04068225101491842, 0.009838995496901587], [0.6167504889751204, 0.30383820455050525, 0.009839143599161746, 0.02646919032939808, 0.03326382894665268, 0.009839143599161746], [0.5808558804229187, 0.34767364492332953, 0.009840407439713109, 0.03381066540128717, 0.017978994373038536, 0.009840407439713109], [0.5478914835799109, 0.3648683707542543, 0.009847994597118074, 0.026974337133627013, 0.04056981933797149, 0.009847994597118074], [0.602354656817333, 0.3313153634151535, 0.009852935776172132, 0.02003925002316929, 0.026584858191999898, 0.009852935776172132], [0.6470461846595859, 0.27731529360581425, 0.009865295228480129, 0.04313041747695107, 0.012777513800688615, 0.009865295228480129], [0.6239048650559819, 0.28006787556409746, 0.009858092301743863, 0.05723943486072493, 0.019071639915707983, 0.009858092301743863], [0.5858531678140659, 0.30242443282796305, 0.009863578815311382, 0.035451511353846686, 0.056543730373501494, 0.009863578815311382], [0.6894073279575145, 0.26466119452445025, 0.009800815031761397, 0.009800815031761397, 0.016529032422750972, 0.009800815031761397], [0.05716351068870181, 0.2637889460501571, 0.009888478643830278, 0.03571256151023082, 0.6235580244632497, 0.009888478643830278], [0.6661169066813042, 0.276067924457135, 0.00987263581030866, 0.01230954514280445, 0.0257603520981391, 0.00987263581030866], [0.32319420559577994, 0.4753622747953883, 0.009847935876530042, 0.014763187727647823, 0.16698446012812382, 0.009847935876530042], [0.6045994635376878, 0.22466864863275507, 0.09699761406975324, 0.013796275637216115, 0.05001289087165578, 0.009925107250931925], [0.952380725622503, 0.009523854875499407, 0.009523854875499407, 0.009523854875499407, 0.009523854875499407, 0.009523854875499407], [0.7129329045603104, 0.12726849954620723, 0.11876797899854145, 0.012995859184490607, 0.018111805767104965, 0.009922951943345354], [0.8014911888849611, 0.13555650262946925, 0.00987872735938264, 0.012040032894344344, 0.031154820872460038, 0.00987872735938264], [0.018078402736141468, 0.15149041362542373, 0.00988507116623617, 0.02740824198226417, 0.7832527993236984, 0.00988507116623617], [0.744793541232055, 0.19987392455600925, 0.009821938461430771, 0.009821938461430771, 0.025866718827643354, 0.009821938461430771], [0.7391656472729203, 0.20453593412076995, 0.009832480064993222, 0.009832480064993222, 0.026800978411329952, 0.009832480064993222], [0.7230105312343269, 0.20653089386137172, 0.009880688410928972, 0.014617914846899066, 0.036079283235544365, 0.009880688410928972], [0.6674007931128444, 0.2619454605412575, 0.009885213771188884, 0.014822730775764695, 0.036060588027755726, 0.009885213771188884], [0.6656830025125174, 0.26887204417413635, 0.009858189175298487, 0.009858189175298487, 0.035870385787450755, 0.009858189175298487], [0.7192888246619596, 0.215508755235652, 0.009845288378914073, 0.009845288378914073, 0.0356665549656461, 0.009845288378914073], [0.03498701790788293, 0.14323901863918018, 0.009901398293620757, 0.028332776192694826, 0.7736383906730006, 0.009901398293620757], [0.7753447102882287, 0.16790338193490503, 0.0206700255785014, 0.009866669336951607, 0.016348543524461592, 0.009866669336951607], [0.952380725622503, 0.009523854875499407, 0.009523854875499407, 0.009523854875499407, 0.009523854875499407, 0.009523854875499407]], [[0.952380725622503, 0.009523854875499407, 0.009523854875499407, 0.009523854875499407, 0.009523854875499407, 0.009523854875499407], [0.9331676670247381, 0.027541680418109508, 0.009822663139288146, 0.009822663139288146, 0.009822663139288146, 0.009822663139288146], [0.952380725622503, 0.009523854875499407, 0.009523854875499407, 0.009523854875499407, 0.009523854875499407, 0.009523854875499407], [0.952380725622503, 0.009523854875499407, 0.009523854875499407, 0.009523854875499407, 0.009523854875499407, 0.009523854875499407], [0.874360665473229, 0.07670344970030739, 0.0194505761954492, 0.00982843621033816, 0.00982843621033816, 0.00982843621033816], [0.02446052220992935, 0.10539401114257518, 0.00981538362041631, 0.00981538362041631, 0.8406993157862466, 0.00981538362041631], [0.814118445571535, 0.13515598251217145, 0.009857281554075642, 0.012669129234091808, 0.018341879574050503, 0.009857281554075642], [0.7173024791172451, 0.226687981231115, 0.009822057426527517, 0.009822057426527517, 0.026543367372057328, 0.009822057426527517], [0.6505422977811394, 0.25672690429680817, 0.00987953309425117, 0.04415347527253238, 0.028818256461017756, 0.00987953309425117], [0.5980285387648837, 0.29690441173890186, 0.00986616571100862, 0.057915500061771534, 0.02741921801242544, 0.00986616571100862], [0.5382864466904557, 0.3058405663101093, 0.009859130453354096, 0.08698383509090725, 0.049170891001819546, 0.009859130453354096], [0.5319335873659586, 0.39684751074839775, 0.009806324441996766, 0.009806324441996766, 0.041799928559653345, 0.009806324441996766], [0.5653234839458489, 0.37799685792821985, 0.009839592366731093, 0.019019687308366628, 0.01798078608410252, 0.009839592366731093], [0.07963667239936421, 0.37786645184921347, 0.009836097796291103, 0.01163275938916006, 0.51119192076968, 0.009836097796291103], [0.2718807968576268, 0.5487584117570149, 0.009774142735118847, 0.009774142735118847, 0.15003836318000185, 0.009774142735118847], [0.06541159843019255, 0.35609297894748876, 0.009789785368574607, 0.009789785368574607, 0.5491260665165949, 0.009789785368574607], [0.07753188565055229, 0.3793854211779756, 0.009839806025559766, 0.011853014096269935, 0.5115500670240826, 0.009839806025559766], [0.5665775145158575, 0.377273198945563, 0.009838822136842947, 0.011515223970547658, 0.02495641829434612, 0.009838822136842947], [0.05785586476179006, 0.3357408630504778, 0.009824399934245045, 0.009824399934245045, 0.576930072384997, 0.009824399934245045], [0.6118776973948354, 0.2918519390038952, 0.009856732822381213, 0.027684161646701348, 0.04887273630980555, 0.009856732822381213], [0.5925806408101362, 0.3491931733460643, 0.009851488654559733, 0.019845510946424345, 0.018677697588255687, 0.009851488654559733], [0.6698768459255254, 0.2630498950986983, 0.009858794847267158, 0.027808552552018806, 0.019547116729223088, 0.009858794847267158], [0.045033438147598234, 0.3170642454034649, 0.009867927978851155, 0.014156978624681099, 0.6040094818665533, 0.009867927978851155], [0.2902030433518205, 0.5361465566299743, 0.0098189201754158, 0.0098189201754158, 0.14419363949195765, 0.0098189201754158], [0.6564339895997647, 0.29614060518415053, 0.009817159464099064, 0.009817159464099064, 0.017973926823787446, 0.009817159464099064], [0.6219119138389857, 0.19499405536391748, 0.11823552113392788, 0.02803480319234253, 0.026902124498299106, 0.009921581972527299], [0.952380725622503, 0.009523854875499407, 0.009523854875499407, 0.009523854875499407, 0.009523854875499407, 0.009523854875499407], [0.952380725622503, 0.009523854875499407, 0.009523854875499407, 0.009523854875499407, 