{"round_id": "93c39605-628f-4706-abd9-08582f8b61d7", "predictions": {"0": [[[0.9523807278676467, 0.00952385442647066, 0.00952385442647066, 0.00952385442647066, 0.00952385442647066, 0.00952385442647066], [0.9523807300687679, 0.009523853986246437, 0.009523853986246437, 0.009523853986246437, 0.009523853986246437, 0.009523853986246437], [0.9523807300687679, 0.009523853986246437, 0.009523853986246437, 0.009523853986246437, 0.009523853986246437, 0.009523853986246437], [0.9523807300687679, 0.009523853986246437, 0.009523853986246437, 0.009523853986246437, 0.009523853986246437, 0.009523853986246437], [0.9523807300687679, 0.009523853986246437, 0.009523853986246437, 0.009523853986246437, 0.009523853986246437, 0.009523853986246437], [0.9523807300687679, 0.009523853986246437, 0.009523853986246437, 0.009523853986246437, 0.009523853986246437, 0.009523853986246437], [0.9523807300687679, 0.009523853986246437, 0.009523853986246437, 0.009523853986246437, 0.009523853986246437, 0.009523853986246437], [0.9523807300687679, 0.009523853986246437, 0.009523853986246437, 0.009523853986246437, 0.009523853986246437, 0.009523853986246437], [0.9523807300687679, 0.009523853986246437, 0.009523853986246437, 0.009523853986246437, 0.009523853986246437, 0.009523853986246437], [0.9523807300687679, 0.009523853986246437, 0.009523853986246437, 0.009523853986246437, 0.009523853986246437, 0.009523853986246437], [0.9523807300687679, 0.009523853986246437, 0.009523853986246437, 0.009523853986246437, 0.009523853986246437, 0.009523853986246437], [0.9523807300687679, 0.009523853986246437, 0.009523853986246437, 0.009523853986246437, 0.009523853986246437, 0.009523853986246437], [0.9523807300687679, 0.009523853986246437, 0.009523853986246437, 0.009523853986246437, 0.009523853986246437, 0.009523853986246437], [0.9523807300687679, 0.009523853986246437, 0.009523853986246437, 0.009523853986246437, 0.009523853986246437, 0.009523853986246437], [0.9523807300687679, 0.009523853986246437, 0.009523853986246437, 0.009523853986246437, 0.009523853986246437, 0.009523853986246437], [0.9523807300687679, 0.009523853986246437, 0.009523853986246437, 0.009523853986246437, 0.009523853986246437, 0.009523853986246437], [0.9523807278676467, 0.00952385442647066, 0.00952385442647066, 0.00952385442647066, 0.00952385442647066, 0.00952385442647066], [0.9523807278676467, 0.00952385442647066, 0.00952385442647066, 0.00952385442647066, 0.00952385442647066, 0.00952385442647066], [0.9523807278676467, 0.00952385442647066, 0.00952385442647066, 0.00952385442647066, 0.00952385442647066, 0.00952385442647066], [0.9523807278676467, 0.00952385442647066, 0.00952385442647066, 0.00952385442647066, 0.00952385442647066, 0.00952385442647066], [0.9523807278676467, 0.00952385442647066, 0.00952385442647066, 0.00952385442647066, 0.00952385442647066, 0.00952385442647066], [0.9523807278676467, 0.00952385442647066, 0.00952385442647066, 0.00952385442647066, 0.00952385442647066, 0.00952385442647066], [0.9523807278676467, 0.00952385442647066, 0.00952385442647066, 0.00952385442647066, 0.00952385442647066, 0.00952385442647066], [0.9523807278676467, 0.00952385442647066, 0.00952385442647066, 0.00952385442647066, 0.00952385442647066, 0.00952385442647066], [0.9523807278676467, 0.00952385442647066, 0.00952385442647066, 0.00952385442647066, 0.00952385442647066, 0.00952385442647066], [0.9523807278676467, 0.00952385442647066, 0.00952385442647066, 0.00952385442647066, 0.00952385442647066, 0.00952385442647066], [0.9523807278676467, 0.00952385442647066, 0.00952385442647066, 0.00952385442647066, 0.00952385442647066, 0.00952385442647066], [0.9523807278676467, 0.00952385442647066, 0.00952385442647066, 0.00952385442647066, 0.00952385442647066, 0.00952385442647066], [0.9523807278676467, 0.00952385442647066, 0.00952385442647066, 0.00952385442647066, 0.00952385442647066, 0.00952385442647066], [0.9523807278676467, 0.00952385442647066, 0.00952385442647066, 0.00952385442647066, 0.00952385442647066, 0.00952385442647066], [0.9523807278676467, 0.00952385442647066, 0.00952385442647066, 0.00952385442647066, 0.00952385442647066, 0.00952385442647066], [0.9523807278676467, 0.00952385442647066, 0.00952385442647066, 0.00952385442647066, 0.00952385442647066, 0.00952385442647066], [0.9523807278676467, 0.00952385442647066, 0.00952385442647066, 0.00952385442647066, 0.00952385442647066, 0.00952385442647066], [0.9523807278676467, 0.00952385442647066, 0.00952385442647066, 0.00952385442647066, 0.00952385442647066, 0.00952385442647066], [0.9523807278676467, 0.00952385442647066, 0.00952385442647066, 0.00952385442647066, 0.00952385442647066, 0.00952385442647066], [0.9523807278676467, 0.00952385442647066, 0.00952385442647066, 0.00952385442647066, 0.00952385442647066, 0.00952385442647066], [0.9523807278676467, 0.00952385442647066, 0.00952385442647066, 0.00952385442647066, 0.00952385442647066, 0.00952385442647066], [0.9523807278676467, 0.00952385442647066, 0.00952385442647066, 0.00952385442647066, 0.00952385442647066, 0.00952385442647066], [0.9523807278676467, 0.00952385442647066, 0.00952385442647066, 0.00952385442647066, 0.00952385442647066, 0.00952385442647066], [0.9523807278676467, 0.00952385442647066, 0.00952385442647066, 0.00952385442647066, 0.00952385442647066, 0.00952385442647066]], [[0.9523807278676467, 0.00952385442647066, 0.00952385442647066, 0.00952385442647066, 0.00952385442647066, 0.00952385442647066], [0.6630730928249322, 0.18099372229711252, 0.08219441777124702, 0.047039453104555616, 0.01676893245429004, 0.009930381547862755], [0.6559889033783464, 0.1792784098439253, 0.08674498180151702, 0.036901789516914654, 0.031155329835766545, 0.009930585623530228], [0.595565334335121, 0.19382149081008365, 0.12915912959880443, 0.04568070341119306, 0.025840409870408428, 0.00993293197438931], [0.6051841726654513, 0.19186233952743573, 0.09994809760675566, 0.060159995171766366, 0.03291822106587333, 0.009927173962717658], [0.6215664405101955, 0.19075782173189257, 0.10098502830380283, 0.05540360263600059, 0.021361355909421703, 0.009925750908686805], [0.628644007012864, 0.18583397861412404, 0.08922127804446181, 0.0660357464174213, 0.020341452739421905, 0.009923537171706779], [0.7270908630601004, 0.19341571719193368, 0.03804832765227328, 0.019888504679671654, 0.011640384376250921, 0.009916203039770182], [0.7362759337209203, 0.17969778102420073, 0.019446880042604867, 0.03272712127632725, 0.021938630774597227, 0.009913653161349659], [0.6904960591806405, 0.19747239932873012, 0.06810559344821462, 0.014576644124588551, 0.019437363262596874, 0.009911940655229547], [0.04607454166986893, 0.21633570442232034, 0.07475708743786696, 0.03663611974204126, 0.6162766202440715, 0.009919926483831134], [0.6499052883335741, 0.20495909589671818, 0.08895284339059191, 0.0099020059308593, 0.03637876051739714, 0.0099020059308593], [0.6761874019936481, 0.18750513221519025, 0.072929040272815, 0.020464874651751647, 0.032995232488728175, 0.009918318377866798], [0.038810079539242176, 0.1963548802559675, 0.05088437926199221, 0.028088043459421643, 0.6759401591086721, 0.009922458374704408], [0.7124732877332834, 0.17023984955578753, 0.07700841413473182, 0.013787024906392309, 0.016571830018024283, 0.00991959365178068], [0.022808380682887177, 0.12221110692798012, 0.03477487857283148, 0.009876639843247648, 0.8004523541298059, 0.009876639843247648], [0.7975110639454434, 0.14099327563245026, 0.025461039254426103, 0.009910739274718982, 0.016213142618242304, 0.009910739274718982], [0.020923192359495833, 0.12112510228374908, 0.030500308919458197, 0.009896126991130537, 0.8076591424550358, 0.009896126991130537], [0.8732749950562373, 0.07723825219638596, 0.016532627402102224, 0.009866047059479754, 0.013222031226314952, 0.009866047059479754], [0.8750405489251707, 0.07567240107620428, 0.01872732985448423, 0.009865390054477813, 0.0108289400351851, 0.009865390054477813], [0.8980890056733217, 0.0625025848459982, 0.00985210237017004, 0.00985210237017004, 0.00985210237017004, 0.00985210237017004], [0.01750756156454765, 0.06879053053930724, 0.009875983606352647, 0.009875983606352647, 0.8840739570770871, 0.009875983606352647], [0.8901633959984693, 0.06871287098304374, 0.011519970128941227, 0.00986792096318192, 0.00986792096318192, 0.00986792096318192], [0.8866296619763032, 0.06146373827942663, 0.019904300419260224, 0.009854946261504469, 0.01229240680200085, 0.009854946261504469], [0.021346480565255784, 0.06422615122895041, 0.014910012859903158, 0.00989653406685299, 0.8797242872121848, 0.00989653406685299], [0.8952032119695478, 0.06559069316456893, 0.009801523716470825, 0.009801523716470825, 0.009801523716470825, 0.009801523716470825], [0.9086643663852584, 0.052145323744557874, 0.009797577467545957, 0.009797577467545957, 0.009797577467545957, 0.009797577467545957], [0.9139431116986029, 0.04634308113422334, 0.009869644368353468, 0.009869644368353468, 0.010104874062113323, 0.009869644368353468], [0.01665123513961661, 0.05344778273493616, 0.009853424923664457, 0.009853424923664457, 0.9003407073544538, 0.009853424923664457], [0.9139190683892027, 0.04688032231865247, 0.00980015232303621, 0.00980015232303621, 0.00980015232303621, 0.00980015232303621], [0.01924432890339891, 0.05193814839063441, 0.009877007092630181, 0.009877007092630181, 0.8991865014280762, 0.009877007092630181], [0.9003846026206886, 0.05919835545774242, 0.009884332360972699, 0.009884332360972699, 0.01076404483865067, 0.009884332360972699], [0.8972183337575809, 0.05607896607497251, 0.014212995041847282, 0.009910552003281767, 0.012668601119036029, 0.009910552003281767], [0.8744940977052925, 0.060372918279390016, 0.024374789585873143, 0.011371527988190388, 0.01944167710713521, 0.009944989334118762], [0.8844058438665419, 0.060921059112550954, 0.014007255486183534, 0.009930408065274628, 0.02080502540417444, 0.009930408065274628], [0.8971253618247323, 0.05265003946133017, 0.014916086856847753, 0.011295864905799063, 0.014066108780271872, 0.009946538171018843], [0.9072540627318365, 0.046335412981824455, 0.012690664994195064, 0.009937399558707826, 0.013845060174728255, 0.009937399558707826], [0.9085575068546313, 0.04390336374046507, 0.011944990662011249, 0.012913338013785474, 0.012736952680284932, 0.009943848048822016], [0.9179854815441999, 0.039012287278151134, 0.011197230775201147, 0.009920478041646757, 0.011964044319154408, 0.009920478041646757], [0.9523807278676467, 0.00952385442647066, 0.00952385442647066, 0.00952385442647066, 0.00952385442647066, 0.00952385442647066]], [[0.9523807278676467, 0.00952385442647066, 0.00952385442647066, 0.00952385442647066, 0.00952385442647066, 0.00952385442647066], [0.6472027173596471, 0.21113303716556608, 0.08440219584243012, 0.0216716220749851, 0.02566593930251634, 0.009924488254855436], [0.07904078189068096, 0.3805271129265197, 0.009908052757570465, 0.04529084337570477, 0.47532515629195354, 0.009908052757570465], [0.2523649085473431, 0.5563740568431458, 0.009854193336175309, 0.02189264033258981, 0.14966000760457063, 0.009854193336175309], [0.5077337559741839, 0.37523288268692495, 0.009883359813010466, 0.050299890443766315, 0.046966751269103844, 0.009883359813010466], [0.5615667096224544, 0.3575150003811367, 0.009870115030814195, 0.033930576010800545, 0.027247483923979892, 0.009870115030814195], [0.602194510322356, 0.30984743333000375, 0.0098629365459058, 0.04001420432884826, 0.028217978926980383, 0.0098629365459058], [0.0639338008421406, 0.34155779866099073, 0.009849092771399386, 0.012671967746655346, 0.5621382472074146, 0.009849092771399386], [0.645391301423063, 0.29681421762187904, 0.009831784168685216, 0.013533124374973976, 0.024597788242713386, 0.009831784168685216], [0.0471134589049603, 0.314197238283165, 0.009835831283509254, 0.011836806060755533, 0.6071808341841006, 0.009835831283509254], [0.631453635511662, 0.32030164718145393, 0.00983570960875494, 0.011715912350848881, 0.016857385738525243, 0.00983570960875494], [0.04981830877061265, 0.37424061774612793, 0.009845155610576391, 0.023647923798375898, 0.5326028384637307, 0.009845155610576391], [0.5717573288488291, 0.3444957957962469, 0.00984748115097209, 0.03247441872159865, 0.03157749433138098, 0.00984748115097209], [0.664532163344387, 0.279853990896751, 0.009841362557007618, 0.014251233863579033, 0.021679886781267504, 0.009841362557007618], [0.7038633689695739, 0.23754953150644692, 0.009850528157001683, 0.012493730946101537, 0.02639231226387426, 0.009850528157001683], [0.04070899143004925, 0.2765670695261968, 0.009799412005034008, 0.009799412005034008, 0.6533257030286518, 0.009799412005034008], [0.7586604589022407, 0.18504624765221478, 0.009841076805239131, 0.009841076805239131, 0.026770063029827207, 0.009841076805239131], [0.030527718956116376, 0.1387191722781615, 0.009860977949219056, 0.011056283000418717, 0.7999748698668653, 0.009860977949219056], [0.851664033596469, 0.10894085050693775, 0.0097917756531524, 0.0097917756531524, 0.01001978893713598, 0.0097917756531524], [0.8251869987276382, 0.13127715959053735, 0.009788031992062875, 0.009788031992062875, 0.014171745705635752, 0.009788031992062875], [0.01653607438646489, 0.09397034984679102, 0.009845573516797695, 0.009845573516797695, 0.8599568552163511, 0.009845573516797695], [0.8530667087998542, 0.10794076057619084, 0.009748132655988768, 0.009748132655988768, 0.009748132655988768, 0.009748132655988768], [0.8231257052415452, 0.13616747750506245, 0.009775712382577715, 0.009775712382577715, 0.011379680105659283, 0.009775712382577715], [0.020400256529425082, 0.09483602735161739, 0.00978254119879066, 0.00978254119879066, 0.8554160925225857, 0.00978254119879066], [0.8665603960528567, 0.09104903941264812, 0.009768386979172816, 0.009768386979172816, 0.013085403596976637, 0.009768386979172816], [0.01844910456970362, 0.09126513273772942, 0.009788403886256196, 0.009788403886256196, 0.8609205510337983, 0.009788403886256196], [0.8789495596305937, 0.08206730121308156, 0.009745784789081169, 0.009745784789081169, 0.009745784789081169, 0.009745784789081169], [0.8982427131820264, 0.06090224174419031, 0.009782292990577122, 0.009782292990577122, 0.011508166102051954, 0.009782292990577122], [0.016979144730440775, 0.06490582336081213, 0.0098149654966976, 0.0098149654966976, 0.8886701354186544, 0.0098149654966976], [0.017825222748094918, 0.05072175996983778, 0.009822399494805067, 0.009822399494805067, 0.901985818797652, 0.009822399494805067], [0.9109300204260252, 0.04859055409824455, 0.009807621092260561, 0.009807621092260561, 0.011056562198948535, 0.009807621092260561], [0.895763571828393, 0.06403409975772012, 0.009849070311468752, 0.009849070311468752, 0.010655117479480794, 0.009849070311468752], [0.8828665483234615, 0.0730358512278661, 0.009896502495498036, 0.009896502495498036, 0.014408092962178176, 0.009896502495498036], [0.5448770101983766, 0.08038663404082373, 0.009702264996815368, 0.0523450577498137, 0.3029867680173553, 0.009702264996815368], [0.866443717444813, 0.084582784581859, 0.011267088710336885, 0.010937606072071407, 0.016826850609648558, 0.00994195258127122], [0.8776118353671605, 0.07299482196964566, 0.011842610528023068, 0.011094982383894874, 0.016511512610484988, 0.009944237140790933], [0.8928827570384821, 0.05604759846217977, 0.011756300980682047, 0.015490985371031591, 0.013878401720858982, 0.009943956426765578], [0.9035929160261953, 0.05042335999333022, 0.010915071817446833, 0.012530193720400202, 0.012597820991786673, 0.009940637450840666], [0.9026495571037491, 0.04830285593447331, 0.016102139858290808, 0.01045284888833033, 0.012550144209033798, 0.009942454006122769], [0.9523807278676467, 0.00952385442647066, 0.00952385442647066, 0.00952385442647066, 0.00952385442647066, 0.00952385442647066]], [[0.9523807278676467, 0.00952385442647066, 0.00952385442647066, 0.00952385442647066, 0.00952385442647066, 0.00952385442647066], [0.595554567028572, 0.22085339861009162, 0.12624825005659243, 0.011845700077636922, 0.03557819503021009, 0.009919889196896991], [0.05889630932479056, 0.38514094147936084, 0.009884424541352159, 0.03723056041116325, 0.4989633397019811, 0.009884424541352159], [0.07464031087553313, 0.43303608643882424, 0.009882185039783168, 0.03719371549010129, 0.4353655171159751, 0.009882185039783168], [0.4829748527197979, 0.4060698446152095, 0.009867194118882499, 0.05106571526798938, 0.04015519915923812, 0.009867194118882499], [0.0938482382548147, 0.4140677226807095, 0.00987676318290478, 0.04777845375557651, 0.42455205894308967, 0.00987676318290478], [0.5172487108137058, 0.3754214603336002, 0.009855146502580807, 0.03884930998708765, 0.04877022586044462, 0.009855146502580807], [0.05270313700227051, 0.3769412237507573, 0.009846251471150048, 0.018328962566713933, 0.5323341737379581, 0.009846251471150048], [0.5677254563008355, 0.3748025715075257, 0.009831769995814836, 0.010152594455509407, 0.027655837744499787, 0.009831769995814836], [0.06779192644943688, 0.37355446707937673, 0.009829868953737315, 0.014712526293756089, 0.5242813422699557, 0.009829868953737315], [0.07655438195324306, 0.4064358090209491, 0.009836457303604081, 0.01549726567891683, 0.4818396287396829, 0.009836457303604081], [0.07868955839038078, 0.4068621359891265, 0.009834638438226913, 0.015321650141241277, 0.47945737860279763, 0.009834638438226913], [0.2687282238759311, 0.5475810870731798, 0.009822686477681256, 0.01210569523187216, 0.1519396208636546, 0.009822686477681256], [0.569777647390358, 0.3713947743290853, 0.0098335836412024, 0.014896570858621791, 0.02426384013953007, 0.0098335836412024], [0.6373521488083077, 0.3023295564672197, 0.009844039865454601, 0.013483809236628196, 0.027146405756935145, 0.009844039865454601], [0.6415163169329844, 0.28960333466509297, 0.009844377514334016, 0.01569223726128278, 0.03349935611197189, 0.009844377514334016], [0.6984892256477879, 0.2366941593665675, 0.009856243715581267, 0.016777072513083982, 0.028327055041398107, 0.009856243715581267], [0.7498310962206773, 0.20043868457499017, 0.009804440309790273, 0.009804440309790273, 0.020316898274961755, 0.009804440309790273], [0.03054048415178877, 0.17937712500880737, 0.00986300385881808, 0.0172345301845402, 0.7531218529372276, 0.00986300385881808], [0.8429736168942348, 0.11523447903551316, 0.009833998619440227, 0.009833998619440227, 0.012289908211931344, 0.009833998619440227], [0.8403838382049136, 0.11872759413623085, 0.009781471713267311, 0.009781471713267311, 0.01154415251905361, 0.009781471713267311], [0.7924007088335469, 0.16410749107410816, 0.009805536259458505, 0.009805536259458505, 0.014075191313969528, 0.009805536259458505], [0.7782614082436545, 0.1808348134599524, 0.009798385542800568, 0.009798385542800568, 0.01150862166799142, 0.009798385542800568], [0.7991507117766808, 0.15465090979251458, 0.009761389359823621, 0.009761389359823621, 0.01691421035133365, 0.009761389359823621], [0.03002591479433449, 0.13682515358292094, 0.009782245485277181, 0.009782245485277181, 0.803802195166913, 0.009782245485277181], [0.03052465755539701, 0.18050382157739311, 0.009785269183161674, 0.009785269183161674, 0.7596157133177249, 0.009785269183161674], [0.8689649380848283, 0.09052977364208485, 0.0098016776272492, 0.0098016776272492, 0.011100255391339249, 0.0098016776272492], [0.019611533463092655, 0.0867335976384532, 0.00984561937359727, 0.011230973345298094, 0.8627326568059615, 0.00984561937359727], [0.8809318783881414, 0.07975916629072925, 0.009801298481743752, 0.009801298481743752, 0.009905059875898107, 0.009801298481743752], [0.8924062469193197, 0.06777003108807808, 0.009807688367873837, 0.009807688367873837, 0.01040065688898064, 0.009807688367873837], [0.8737220430765237, 0.08550856402488799, 0.0098167035235956, 0.0098167035235956, 0.011319282327801545, 0.0098167035235956], [0.8733956363374016, 0.08492388602063303, 0.009830829279804637, 0.009830829279804637, 0.01218798980255142, 0.009830829279804637], [0.02961776419936611, 0.08043742272144358, 0.009898839917068173, 0.01305430506271037, 0.8570928281823436, 0.009898839917068173], [0.8435606160174935, 0.11059448318697318, 0.009890037905199527, 0.009890037905199527, 0.016174787079934683, 0.009890037905199527], [0.8519990635792662, 0.08999970061598846, 0.009917418837716876, 0.019317326374737043, 0.018849071754574585, 0.009917418837716876], [0.8433833249596606, 0.10994856270047591, 0.009927750129861187, 0.010012924018221672, 0.016799688061919324, 0.009927750129861187], [0.8731209370367466, 0.07570316365419856, 0.009929674376892263, 0.012343790298394011, 0.018972760256876307, 0.009929674376892263], [0.9023116794771215, 0.056241776629570785, 0.009920630651836368, 0.009920630651836368, 0.01168465193779852, 0.009920630651836368], [0.8961518726955952, 0.056585578353929085, 0.015225297033160261, 0.009975581413160878, 0.012122494633795089, 0.009939175870359451], [0.9523807278676467, 0.00952385442647066, 0.00952385442647066, 0.00952385442647066, 0.00952385442647066, 0.00952385442647066]], [[0.9523807278676467, 0.00952385442647066, 0.00952385442647066, 0.00952385442647066, 0.00952385442647066, 0.00952385442647066], [0.06437897678161622, 0.21157011142741483, 0.18228601014989337, 0.027898161700686448, 0.5039460908248318, 0.00992064911555742], [0.5134419884587627, 0.4074821742208153, 0.009858667217978307, 0.01764703635424484, 0.04171146653022046, 0.009858667217978307], [0.08475961712838435, 0.4712715535885606, 0.009873105466104069, 0.029827912370887086, 0.3943947059799599, 0.009873105466104069], [0.44453404009150027, 0.4430653454001552, 0.0098619254800406, 0.05523535949984169, 0.03744140404842155, 0.0098619254800406], [0.2817243585206278, 0.5132636435906196, 0.009834688891963704, 0.013882804694594807, 0.17145981541023034, 0.009834688891963704], [0.07964207237125288, 0.40561586929244325, 0.009862512100944163, 0.05993490877336634, 0.4350821253610491, 0.009862512100944163], [0.06857183783373294, 0.3887396988348255, 0.00984191611130062, 0.01368287267243837, 0.5093217584364019, 0.00984191611130062], [0.055710775446075445, 0.360597814215138, 0.009838774709322873, 0.03334907496098106, 0.5306647859591597, 0.009838774709322873], [0.0690301049794454, 0.4401579717939222, 0.009830205345149168, 0.01035144027886785, 0.4608000722574663, 0.009830205345149168], [0.24032352632800186, 0.5994199983558408, 0.009771890074342897, 0.009771890074342897, 0.13094080509312866, 0.009771890074342897], [0.06806659018394208, 0.4101429299638023, 0.009816851036001073, 0.009816851036001073, 0.4923399267442524, 0.009816851036001073], [0.06716792518261974, 0.4360924232717527, 0.009822632517964688, 0.009822632517964688, 0.4672717539917335, 0.009822632517964688], [0.07144852138985586, 0.38711851234293615, 0.009827275510282556, 0.014441918930428406, 0.5073364963162144, 0.009827275510282556], [0.046024334009882595, 0.3855091010576708, 0.009835563217217307, 0.012957717751624263, 0.5358377207463877, 0.009835563217217307], [0.07309477071418646, 0.3248519023166786, 0.00985113165837488, 0.009868122633042854, 0.5724829410193423, 0.00985113165837488], [0.6741162795564789, 0.26296155512930985, 0.009856315968251766, 0.021326004247008104, 0.021883529130699613, 0.009856315968251766], [0.7153452575527156, 0.23081976779614935, 0.009861093809888673, 0.012547265146780085, 0.021565521884577596, 0.009861093809888673], [0.7605786879086626, 0.17667165206051522, 0.009804824626870087, 0.009804824626870087, 0.03333518615021186, 0.009804824626870087], [0.03342085401861241, 0.17717849729243468, 0.009855129280778575, 0.027954768004192384, 0.7417356221232033, 0.009855129280778575], [0.0340062106566868, 0.20026852445759663, 0.009794207473204204, 0.009794207473204204, 0.7363426424661039, 0.009794207473204204], [0.7604448175476122, 0.20048115497443336, 0.00976850686948862, 0.00976850686948862, 0.00976850686948862, 0.00976850686948862], [0.0381920329589302, 0.22235279021219584, 0.00980995046105219, 0.00980995046105219, 0.7100253254457174, 0.00980995046105219], [0.03619344896111543, 0.20654465566831146, 0.009773242796256177, 0.009773242796256177, 0.7279421669818045, 0.009773242796256177], [0.7394553371695838, 0.21530888931148576, 0.009773565122121675, 0.009773565122121675, 0.0159150781525654, 0.009773565122121675], [0.03072468056666993, 0.15614156465457527, 0.009789842982744818, 0.009789842982744818, 0.7837642258305204, 0.009789842982744818], [0.7915530217774229, 0.15803874356955644, 0.00983067980757949, 0.00983067980757949, 0.020916195230282028, 0.00983067980757949], [0.8448984261277811, 0.1128925220608685, 0.009772000898682806, 0.009772000898682806, 0.012893049115302004, 0.009772000898682806], [0.872256094748103, 0.08842373276918136, 0.009830043120678927, 0.009830043120678927, 0.009830043120678927, 0.009830043120678927], [0.8738519097302359, 0.08704012546737298, 0.009776991200597772, 0.009776991200597772, 0.009776991200597772, 0.009776991200597772], [0.8686066136854911, 0.09191709088104869, 0.009818788936109895, 0.009818788936109895, 0.010019928625130613, 0.009818788936109895], [0.025162593858586668, 0.06856045903541884, 0.0098647516125438, 0.010542061204445683, 0.8760053826764611, 0.0098647516125438], [0.8597839005190124, 0.09651769434207297, 0.009827250357899204, 0.009827250357899204, 0.014216654065217087, 0.009827250357899204], [0.8444964062007498, 0.1052842887926575, 0.009882899860688268, 0.0162916769123171, 0.014161828372899126, 0.009882899860688268], [0.859060874218111, 0.09728904911322492, 0.009883148092525424, 0.009883148092525424, 0.014000632391087777, 0.009883148092525424], [0.8512941190514058, 0.10217495631569806, 0.009880403442679549, 0.009880403442679549, 0.01688971430485753, 0.009880403442679549], [0.7980649987784263, 0.12311821124016752, 0.009915230992183582, 0.029544757030160126, 0.029441570966878834, 0.009915230992183582], [0.8839262746589395, 0.0674444039382454, 0.009912494680577508, 0.015455760318567928, 0.013348571723092114, 0.009912494680577508], [0.8992483105449025, 0.054188289834777616, 0.0103716495533024, 0.012052311760907828, 0.01420151568832299, 0.00993792261778663], [0.9523807278676467, 0.00952385442647066, 0.00952385442647066, 0.00952385442647066, 0.00952385442647066, 0.00952385442647066]], [[0.9523807278676467, 0.00952385442647066, 0.00952385442647066, 0.00952385442647066, 0.00952385442647066, 0.00952385442647066], [0.03782165275670544, 0.23663676037441092, 0.05641440482404839, 0.025189945195482146, 0.6340192324180082, 0.00991800443134495], [0.5248759398071822, 0.3919970180496571, 0.009853902325443373, 0.030724152429656034, 0.03269508506261796, 0.009853902325443373], [0.2633519443825432, 0.5645207394585566, 0.009835853557148772, 0.011853632379757983, 0.14060197666484456, 0.009835853557148772], [0.4439759982994707, 0.3910568640831004, 0.009856625315741961, 0.09033617309315094, 0.054917713892793985, 0.009856625315741961], [0.5336090819668027, 0.35131771621924607, 0.00985112648263237, 0.05656225807914674, 0.03880869076953977, 0.00985112648263237], [0.4731666491683639, 0.3820086761809547, 0.009850140091222153, 0.07847925618031143, 0.04664513828792568, 0.009850140091222153], [0.4875941653822528, 0.41047386556062326, 0.009839392466706204, 0.05524685100763078, 0.027006333116080642, 0.009839392466706204], [0.531309858922615, 0.3525046153693413, 0.009834770013539766, 0.06585086961719608, 0.03066511606376806, 0.009834770013539766], [0.5624164352495865, 0.3615778580352023, 0.009832462603186582, 0.02582125099579877, 0.030519530513039236, 0.009832462603186582], [0.4865675325446045, 0.429373773813095, 0.009834094156914787, 0.01947448269069165, 0.04491602263777923, 0.009834094156914787], [0.06488464455571692, 0.4078534452985401, 0.009830908188283588, 0.02823089664640639, 0.4793691971227692, 0.009830908188283588], [0.06564139367001215, 0.427194908809385, 0.009827521959893016, 0.010086018435261855, 0.47742263516555494, 0.009827521959893016], [0.5671945729326947, 0.3607313496741478, 0.009820587457871365, 0.013498061989348924, 0.038934840488065656, 0.009820587457871365], [0.08118535880959259, 0.31131459420569674, 0.009834949341379072, 0.02400275116572751, 0.563827397136225, 0.009834949341379072], [0.6648116780535571, 0.2808675434652093, 0.009847127817682055, 0.01376653787159486, 0.020859984974274492, 0.009847127817682055], [0.2633069468793362, 0.5511874503203834, 0.009854584514885712, 0.016336124080611848, 0.1494603096898971, 0.009854584514885712], [0.7001040539133476, 0.24764151814172394, 0.009874466349080362, 0.011411309472144764, 0.021094185774622905, 0.009874466349080362], [0.037392597893273385, 0.19638339142699118, 0.009891888940480566, 0.012797177960850932, 0.7336430548379235, 0.009891888940480566], [0.7315288954265499, 0.2039002920790812, 0.009857969638074436, 0.010103353760261844, 0.03475151945795828, 0.009857969638074436], [0.7289844229260684, 0.2198974300426242, 0.009790813822397682, 0.009790813822397682, 0.021745705564114322, 0.009790813822397682], [0.03668241013911539, 0.19070609325032914, 0.00980048101729842, 0.00980048101729842, 0.7432100535586602, 0.00980048101729842], [0.04427144938568716, 0.25769585948804546, 0.00980150572487184, 0.00980150572487184, 0.6686281739516519, 0.00980150572487184], [0.043407902228772395, 0.23235942354261271, 0.009786309268184173, 0.009786309268184173, 0.6948737464240623, 0.009786309268184173], [0.6862809339888664, 0.25573558668123875, 0.009789854739253808, 0.009789854739253808, 0.028613915112133435, 0.009789854739253808], [0.04280807562577439, 0.24113661588010343, 0.009810488555487037, 0.009810488555487037, 0.6866238428276611, 0.009810488555487037], [0.7501798468180614, 0.20283574849298217, 0.009800664377093317, 0.009800664377093317, 0.017582411557676574, 0.009800664377093317], [0.7724976331036907, 0.17970000522081722, 0.0097844071585102, 0.0097844071585102, 0.01844914019996147, 0.0097844071585102], [0.8609890079500454, 0.09549309926912332, 0.009812873050080696, 0.009812873050080696, 0.01407927363058908, 0.009812873050080696], [0.021453804547965114, 0.08865783199171069, 0.009814770670825763, 0.009814770670825763, 0.860444051447847, 0.009814770670825763], [0.8711442546324588, 0.08823769123277206, 0.00978262919544765, 0.00978262919544765, 0.011270166548426178, 0.00978262919544765], [0.8629054987573395, 0.09794779417363873, 0.009786676767255456, 0.009786676767255456, 0.009786676767255456, 0.009786676767255456], [0.8620895971094191, 0.09778067038492232, 0.009806852125801502, 0.009806852125801502, 0.010709176128254014, 0.009806852125801502], [0.8561528748251047, 0.10254368179811352, 0.00983536048216903, 0.00983536048216903, 0.011797361930274742, 0.00983536048216903], [0.030171751995773065, 0.09620072507321314, 0.009868727260167348, 0.009868727260167348, 0.8440213411505116, 0.009868727260167348], [0.03544975323091219, 0.1606398324633747, 0.009866262530278565, 0.009866262530278565, 0.7743116267148773, 0.009866262530278565], [0.009523854426470657, 0.009523854426470657, 0.009523854426470657, 0.009523854426470657, 0.009523854426470657, 0.9523807278676468], [0.8112386538229258, 0.13711804406705944, 0.009861410017547216, 0.009861410017547216, 0.022059072057373053, 0.009861410017547216], [0.889731829073834, 0.06565882483774567, 0.011485141553112149, 0.011489029602699131, 0.011701738509040412, 0.009933436423568743], [0.9523807278676467, 0.00952385442647066, 0.00952385442647066, 0.00952385442647066, 0.00952385442647066, 0.00952385442647066]], [[0.9523807278676467, 0.00952385442647066, 0.00952385442647066, 0.00952385442647066, 0.00952385442647066, 0.00952385442647066], [0.6462922675988267, 0.23143283160768563, 0.07297775337121297, 0.012683144168454114, 0.026700704873851913, 0.009913298379968441], [0.06304413988488378, 0.34636945959908383, 0.009861393775067688, 0.04687631929334116, 0.5239872936725558, 0.009861393775067688], [0.5016110631478592, 0.42677345105063347, 0.009849939848944644, 0.011945996895367622, 0.03996960920825043, 0.009849939848944644], [0.5014433946703828, 0.37749347696968427, 0.009853311547057809, 0.06325488552914296, 0.0381016197366744, 0.009853311547057809], [0.4591562540515296, 0.4204238973349393, 0.00985664641573944, 0.05701863345908666, 0.04368792232296555, 0.00985664641573944], [0.4987761976883683, 0.3804085717681237, 0.009853630074329246, 0.054335201837405665, 0.04677276855744385, 0.009853630074329246], [0.07225075903096004, 0.3793554350854493, 0.00986132682150058, 0.06866614868186119, 0.4600050035587283, 0.00986132682150058], [0.5380056402762312, 0.3616998228986791, 0.009841632706115367, 0.03992824894289455, 0.040683022469964386, 0.009841632706115367], [0.5330553883935096, 0.3661224219409194, 0.009843796617504192, 0.046807349901894724, 0.03432724652866787, 0.009843796617504192], [0.5290909146771725, 0.3585607443569683, 0.009837757334410701, 0.03976826496398966, 0.05290456133304816, 0.009837757334410701], [0.2730814045352786, 0.5478960356629955, 0.009818873431238403, 0.011343841964924963, 0.14804097097432398, 0.009818873431238403], [0.06675718431641531, 0.44016315813981827, 0.009806777008538839, 0.009806777008538839, 0.4636593265181499, 0.009806777008538839], [0.0696602314149927, 0.342146300598676, 0.009773714980095341, 0.009773714980095341, 0.5588723230460453, 0.009773714980095341], [0.6562196002558369, 0.2906654828910612, 0.009795896954101845, 0.009795896954101845, 0.023727225990796394, 0.009795896954101845], [0.05919843533095614, 0.29760039912926034, 0.009850141284138242, 0.012011149276073975, 0.6114897336954329, 0.009850141284138242], [0.6776998631261089, 0.2468222633475819, 0.009863680276324371, 0.03312253281145644, 0.02262798016220404, 0.009863680276324371], [0.7388402217904831, 0.1941363556282988, 0.00987143913260544, 0.02009210422165612, 0.027188440094351184, 0.00987143913260544], [0.7154306006833567, 0.22995992029588666, 0.009881780478753602, 0.014000110260561664, 0.020845807802687813, 0.009881780478753602], [0.7236272224532676, 0.220932277148679, 0.009869567562842478, 0.010972509841250342, 0.024728855431118153, 0.009869567562842478], [0.7546096883788359, 0.18612439720229113, 0.009852210179853112, 0.01192865325885876, 0.027632840800308138, 0.009852210179853112], [0.051039748463838526, 0.2146237689652303, 0.00985132324913694, 0.010017347160005734, 0.7046164889126516, 0.00985132324913694], [0.24500983717794472, 0.5698408072232198, 0.009810813802893576, 0.009810813802893576, 0.15571691419015463, 0.009810813802893576], [0.6666361251650509, 0.28024852858604776, 0.009802882121314273, 0.009802882121314273, 0.02370669988495849, 0.009802882121314273], [0.6871217837552762, 0.23363302618172382, 0.009857957738862288, 0.02154321637206306, 0.03798605821321224, 0.009857957738862288], [0.6731029208110202, 0.2695999422593581, 0.009831049312406732, 0.009831049312406732, 0.02780398899240142, 0.009831049312406732], [0.7052417515814023, 0.24251027101257366, 0.009863241183673276, 0.01278677772665462, 0.019734717312022657, 0.009863241183673276], [0.03881457433326453, 0.20664772574124093, 0.00986094351447665, 0.010500105037507375, 0.724315707859034, 0.00986094351447665], [0.8016155176249841, 0.1540215403383152, 0.009799916836052804, 0.009799916836052804, 0.014963191528542346, 0.009799916836052804], [0.020806181886650336, 0.11002766481511332, 0.00979930635823236, 0.00979930635823236, 0.8397682342235393, 0.00979930635823236], [0.027709942750592086, 0.09771297565372926, 0.00984834048236954, 0.011556013646848386, 0.8433243869840911, 0.00984834048236954], [0.8551360077686941, 0.10011331200576322, 0.009778839314108358, 0.009778839314108358, 0.01541416228321767, 0.009778839314108358], [0.8439920217737269, 0.11034599635100574, 0.009791208359629515, 0.009791208359629515, 0.016288356796378835, 0.009791208359629515], [0.8544999735470598, 0.10357196163146994, 0.009792972391378864, 0.009792972391378864, 0.012549147647333768, 0.009792972391378864], [0.7719734323470592, 0.17887932346747717, 0.009801559922059652, 0.009801559922059652, 0.019742564419284736, 0.009801559922059652], [0.039338206706421824, 0.15978366668839142, 0.00984273019298433, 0.00984273019298433, 0.7713499360262338, 0.00984273019298433], [0.009523854426470657, 0.009523854426470657, 0.009523854426470657, 0.009523854426470657, 0.009523854426470657, 0.9523807278676468], [0.7985830858048881, 0.15259040498238025, 0.009842452692721776, 0.009842452692721776, 0.019299151134566265, 0.009842452692721776], [0.818448388230329, 0.08498420106681134, 0.033990071299322876, 0.03180751542371739, 0.020836783809498407, 0.009933040170320923], [0.9523807278676467, 0.00952385442647066, 0.00952385442647066, 0.00952385442647066, 0.00952385442647066, 0.00952385442647066]], [[0.9523807278676467, 0.00952385442647066, 0.00952385442647066, 0.00952385442647066, 0.00952385442647066, 0.00952385442647066], [0.04464461755083763, 0.234190258671671, 0.09251178686347429, 0.027525773288049987, 0.5912081053995466, 0.00991945822642055], [0.6107520029585864, 0.33929734529414335, 0.0098465125597434, 0.012377160721437741, 0.017880465906345604, 0.0098465125597434], [0.08829441902486618, 0.3565176349893441, 0.00985585508958627, 0.03268672380997986, 0.5027895119966374, 0.00985585508958627], [0.47187568089423243, 0.40146702507436444, 0.009852901949832868, 0.06327260271458826, 0.043678887417149044, 0.009852901949832868], [0.272768160342533, 0.5323745499459569, 0.00983788760980157, 0.023802545385529516, 0.15137896910637744, 0.00983788760980157], [0.5134104347164068, 0.3483460927626229, 0.009877283876359937, 0.07211402300378388, 0.04637488176446651, 0.009877283876359937], [0.5707879975851844, 0.3246107255413688, 0.009875020388289133, 0.049704996581236734, 0.035146239515631804, 0.009875020388289133], [0.5570511609828563, 0.2884933849795185, 0.009862462994033393, 0.09736224926159932, 0.03736827878795928, 0.009862462994033393], [0.5326548545663797, 0.2897670566507125, 0.00985174898045924, 0.11401629830265576, 0.04385829251933356, 0.00985174898045924], [0.5257660655090854, 0.409886628409542, 0.009839380648289226, 0.01316398754616704, 0.03150455723862709, 0.009839380648289226], [0.6270039577684584, 0.31748137719889025, 0.009795083840571915, 0.009795083840571915, 0.026129413510935583, 0.009795083840571915], [0.0658722239235229, 0.3312791690992535, 0.009824907549324528, 0.009824907549324528, 0.57337388432925, 0.009824907549324528], [0.05189481795567286, 0.29489984819185155, 0.00982291890888828, 0.024921487394823204, 0.6086380086398758, 0.00982291890888828], [0.6384574415138228, 0.3085149907987756, 0.009800691336722294, 0.009800691336722294, 0.023625493677234856, 0.009800691336722294], [0.7104981265272338, 0.22828207892545832, 0.009802087869767178, 0.009802087869767178, 0.03181353093800642, 0.009802087869767178], [0.7123539551390549, 0.19314497634450012, 0.009860268829000133, 0.05295937403886317, 0.021821156819581716, 0.009860268829000133], [0.745526296471132, 0.17734597889365233, 0.00986885554952053, 0.03998811285159383, 0.017401900684580633, 0.00986885554952053], [0.7760226843989895, 0.16224832550192334, 0.009891133816616514, 0.014423762644199546, 0.027522959821654425, 0.009891133816616514], [0.7596851362637717, 0.16716379976478352, 0.0098735657451226, 0.02681055018618016, 0.026593382295019542, 0.0098735657451226], [0.7576572419178387, 0.1801539576700676, 0.00985986444002442, 0.016883107883746768, 0.025585963648298085, 0.00985986444002442], [0.04216671948111133, 0.2512678536972503, 0.009873023264464967, 0.013843098461614996, 0.6729762818310934, 0.009873023264464967], [0.683559228712781, 0.2546699357986727, 0.009834589080321891, 0.009834589080321891, 0.032267068247580806, 0.009834589080321891], [0.6802329532518678, 0.2590619760473253, 0.009840602789922173, 0.009840602789922173, 0.031183262331040237, 0.009840602789922173], [0.6730905480957564, 0.26275748665921145, 0.0098566377549287, 0.0098566377549287, 0.03458205198024605, 0.0098566377549287], [0.34051846509509814, 0.4577510245171847, 0.009664619425372663, 0.009664619425372663, 0.17273665211159916, 0.009664619425372663], [0.05354551475139622, 0.1700550398519767, 0.009880548788341057, 0.034695160750890165, 0.7219431870690546, 0.009880548788341057], [0.805356272219539, 0.15161529282894823, 0.009803947889709048, 0.009803947889709048, 0.013616591282385767, 0.009803947889709048], [0.7899700180490772, 0.1600992369350426, 0.009853876535955219, 0.009853876535955219, 0.020369115408014494, 0.009853876535955219], [0.03223057590868483, 0.153459225171812, 0.009825804380