{"round_id": "8f664aed-8839-4c85-bed0-77a2cac7c6f5", "predictions": {"0": [[[0.9523807278676467, 0.00952385442647066, 0.00952385442647066, 0.00952385442647066, 0.00952385442647066, 0.00952385442647066], [0.9523807278676467, 0.00952385442647066, 0.00952385442647066, 0.00952385442647066, 0.00952385442647066, 0.00952385442647066], [0.9523807278676467, 0.00952385442647066, 0.00952385442647066, 0.00952385442647066, 0.00952385442647066, 0.00952385442647066], [0.9523807278676467, 0.00952385442647066, 0.00952385442647066, 0.00952385442647066, 0.00952385442647066, 0.00952385442647066], [0.9523807278676467, 0.00952385442647066, 0.00952385442647066, 0.00952385442647066, 0.00952385442647066, 0.00952385442647066], [0.9523807278676467, 0.00952385442647066, 0.00952385442647066, 0.00952385442647066, 0.00952385442647066, 0.00952385442647066], [0.9523807278676467, 0.00952385442647066, 0.00952385442647066, 0.00952385442647066, 0.00952385442647066, 0.00952385442647066], [0.9523807278676467, 0.00952385442647066, 0.00952385442647066, 0.00952385442647066, 0.00952385442647066, 0.00952385442647066], [0.9523807278676467, 0.00952385442647066, 0.00952385442647066, 0.00952385442647066, 0.00952385442647066, 0.00952385442647066], [0.9523807278676467, 0.00952385442647066, 0.00952385442647066, 0.00952385442647066, 0.00952385442647066, 0.00952385442647066], [0.9523807278676467, 0.00952385442647066, 0.00952385442647066, 0.00952385442647066, 0.00952385442647066, 0.00952385442647066], [0.9523807278676467, 0.00952385442647066, 0.00952385442647066, 0.00952385442647066, 0.00952385442647066, 0.00952385442647066], [0.9523807278676467, 0.00952385442647066, 0.00952385442647066, 0.00952385442647066, 0.00952385442647066, 0.00952385442647066], [0.9523807278676467, 0.00952385442647066, 0.00952385442647066, 0.00952385442647066, 0.00952385442647066, 0.00952385442647066], [0.9523807278676467, 0.00952385442647066, 0.00952385442647066, 0.00952385442647066, 0.00952385442647066, 0.00952385442647066], [0.9523807278676467, 0.00952385442647066, 0.00952385442647066, 0.00952385442647066, 0.00952385442647066, 0.00952385442647066], [0.9523807278676467, 0.00952385442647066, 0.00952385442647066, 0.00952385442647066, 0.00952385442647066, 0.00952385442647066], [0.9523807278676467, 0.00952385442647066, 0.00952385442647066, 0.00952385442647066, 0.00952385442647066, 0.00952385442647066], [0.9523807278676467, 0.00952385442647066, 0.00952385442647066, 0.00952385442647066, 0.00952385442647066, 0.00952385442647066], [0.9523807278676467, 0.00952385442647066, 0.00952385442647066, 0.00952385442647066, 0.00952385442647066, 0.00952385442647066], [0.9523807278676467, 0.00952385442647066, 0.00952385442647066, 0.00952385442647066, 0.00952385442647066, 0.00952385442647066], [0.9523807278676467, 0.00952385442647066, 0.00952385442647066, 0.00952385442647066, 0.00952385442647066, 0.00952385442647066], [0.9523807278676467, 0.00952385442647066, 0.00952385442647066, 0.00952385442647066, 0.00952385442647066, 0.00952385442647066], [0.9523807278676467, 0.00952385442647066, 0.00952385442647066, 0.00952385442647066, 0.00952385442647066, 0.00952385442647066], [0.9523807278676467, 0.00952385442647066, 0.00952385442647066, 0.00952385442647066, 0.00952385442647066, 0.00952385442647066], [0.9523807278676467, 0.00952385442647066, 0.00952385442647066, 0.00952385442647066, 0.00952385442647066, 0.00952385442647066], [0.9523807278676467, 0.00952385442647066, 0.00952385442647066, 0.00952385442647066, 0.00952385442647066, 0.00952385442647066], [0.9523807278676467, 0.00952385442647066, 0.00952385442647066, 0.00952385442647066, 0.00952385442647066, 0.00952385442647066], [0.9523807278676467, 0.00952385442647066, 0.00952385442647066, 0.00952385442647066, 0.00952385442647066, 0.00952385442647066], [0.9523807278676467, 0.00952385442647066, 0.00952385442647066, 0.00952385442647066, 0.00952385442647066, 0.00952385442647066], [0.9523807278676467, 0.00952385442647066, 0.00952385442647066, 0.00952385442647066, 0.00952385442647066, 0.00952385442647066], [0.9523807278676467, 0.00952385442647066, 0.00952385442647066, 0.00952385442647066, 0.00952385442647066, 0.00952385442647066], [0.9523807278676467, 0.00952385442647066, 0.00952385442647066, 0.00952385442647066, 0.00952385442647066, 0.00952385442647066], [0.9523807278676467, 0.00952385442647066, 0.00952385442647066, 0.00952385442647066, 0.00952385442647066, 0.00952385442647066], [0.9523807278676467, 0.00952385442647066, 0.00952385442647066, 0.00952385442647066, 0.00952385442647066, 0.00952385442647066], [0.9523807278676467, 0.00952385442647066, 0.00952385442647066, 0.00952385442647066, 0.00952385442647066, 0.00952385442647066], [0.9523807278676467, 0.00952385442647066, 0.00952385442647066, 0.00952385442647066, 0.00952385442647066, 0.00952385442647066], [0.9523807278676467, 0.00952385442647066, 0.00952385442647066, 0.00952385442647066, 0.00952385442647066, 0.00952385442647066], [0.9523807278676467, 0.00952385442647066, 0.00952385442647066, 0.00952385442647066, 0.00952385442647066, 0.00952385442647066], [0.9523807278676467, 0.00952385442647066, 0.00952385442647066, 0.00952385442647066, 0.00952385442647066, 0.00952385442647066]], [[0.9523807278676467, 0.00952385442647066, 0.00952385442647066, 0.00952385442647066, 0.00952385442647066, 0.00952385442647066], [0.924506271836593, 0.0322902580274244, 0.010704870224448325, 0.009918945827602993, 0.012660708256328458, 0.009918945827602993], [0.9523807278676467, 0.00952385442647066, 0.00952385442647066, 0.00952385442647066, 0.00952385442647066, 0.00952385442647066], [0.9213277932083593, 0.035615180356653495, 0.010066801123932798, 0.009915595216570143, 0.013159034877914104, 0.009915595216570143], [0.9185609873795707, 0.03754165966729362, 0.010248399571831874, 0.00991885539047192, 0.013811242600360027, 0.00991885539047192], [0.9119546559958744, 0.03921223691543602, 0.01311061869003145, 0.009947334452493318, 0.015827819493671583, 0.009947334452493318], [0.9523807278676467, 0.00952385442647066, 0.00952385442647066, 0.00952385442647066, 0.00952385442647066, 0.00952385442647066], [0.8994831026159472, 0.04714807382419839, 0.014263184913257449, 0.010680251901628622, 0.01846846911425155, 0.009956917630716915], [0.893591835985132, 0.05328475540915394, 0.013372325814155211, 0.010563225884829351, 0.019234491758730488, 0.009953365147998838], [0.8845562578391197, 0.060185767343313885, 0.013736882963902223, 0.0110001129588896, 0.020566604962973002, 0.009954373931801612], [0.04215467424277617, 0.05830064949793666, 0.01406610951682147, 0.011561718159592886, 0.8639600044177503, 0.009956844165122433], [0.8955515685846124, 0.053717560213502394, 0.00993708386111733, 0.013842085476553218, 0.01701461800309721, 0.00993708386111733], [0.8974735363981154, 0.05581391737317073, 0.009913842730484053, 0.009913842730484053, 0.016971018037261608, 0.009913842730484053], [0.8995881610837445, 0.04963147466598298, 0.010376992277118075, 0.013928873708673004, 0.016534102742545752, 0.009940395521935777], [0.8978586607229412, 0.04762450387506152, 0.017357964943134158, 0.009941928465140476, 0.017275013528582125, 0.009941928465140476], [0.9029996750335657, 0.04962019733643016, 0.010864715665339409, 0.009931336423082804, 0.016652739118499196, 0.009931336423082804], [0.9016261203376011, 0.05061643175585618, 0.011057021756227668, 0.009933557928235746, 0.016833310293843697, 0.009933557928235746], [0.9523807278676467, 0.00952385442647066, 0.00952385442647066, 0.00952385442647066, 0.00952385442647066, 0.00952385442647066], [0.9523807278676467, 0.00952385442647066, 0.00952385442647066, 0.00952385442647066, 0.00952385442647066, 0.00952385442647066], [0.9120559552959172, 0.04466922980993255, 0.009886303034766406, 0.009886303034766406, 0.013615905789850984, 0.009886303034766406], [0.02662968743031198, 0.04408643461569839, 0.011085835030265601, 0.02521209793442756, 0.8830419311166924, 0.009944013872604171], [0.9166044723833118, 0.040468890916304984, 0.009892005312608655, 0.009892005312608655, 0.013250620762557319, 0.009892005312608655], [0.9190950025868673, 0.03751577148588226, 0.0100264554206879, 0.009916504689526772, 0.013529761127509119, 0.009916504689526772], [0.9207138447311728, 0.03620516933912426, 0.010041575178284728, 0.009915527323022432, 0.013208356105373372, 0.009915527323022432], [0.9201597944335594, 0.036220811390582676, 0.010317494696779268, 0.009918596738129466, 0.013464706002819782, 0.009918596738129466], [0.9185609873795707, 0.03754165966729362, 0.010248399571831874, 0.00991885539047192, 0.013811242600360027, 0.00991885539047192], [0.9139202403781885, 0.03953810311938443, 0.0116188289170167, 0.009933393875751663, 0.015056039833907069, 0.009933393875751663], [0.9141584632904463, 0.040418085232953684, 0.010756201324024493, 0.009925671246767014, 0.014815907659041467, 0.009925671246767014], [0.9107652364620046, 0.04176201882213921, 0.011860767132401279, 0.00993702696389376, 0.015737923655667417, 0.00993702696389376], [0.908896088775497, 0.043508043360360876, 0.011821253013288992, 0.009936648095187676, 0.015901318660477764, 0.009936648095187676], [0.9048222472163544, 0.04494484989583116, 0.013256715763439415, 0.009951298892935265, 0.017073589338504436, 0.009951298892935265], [0.9108859189651027, 0.04335846140566258, 0.010632100708733433, 0.009925303143751915, 0.01527291263299746, 0.009925303143751915], [0.9140183214141014, 0.042294753603141146, 0.00990046663724458, 0.00990046663724458, 0.013985525071023724, 0.00990046663724458], [0.9127884638706638, 0.044766202775757845, 0.009862137542751928, 0.009862137542751928, 0.012858920725322624, 0.009862137542751928], [0.0258978988507864, 0.04738164460016691, 0.009874827647701052, 0.009874827647701052, 0.8970959736059436, 0.009874827647701052], [0.02698619527227221, 0.04971580916139753, 0.009880741718361695, 0.009880741718361695, 0.8936557704112453, 0.009880741718361695], [0.905437308544024, 0.05095943294878495, 0.00987695274918174, 0.00987695274918174, 0.013972400259645766, 0.00987695274918174], [0.9078135183346024, 0.04600406443294832, 0.010733110128672792, 0.009927579076635282, 0.015594148950505989, 0.009927579076635282], [0.909153235844938, 0.04186778942443057, 0.012970175365806252, 0.00994654808720321, 0.016115703190418693, 0.00994654808720321], [0.9523807278676467, 0.00952385442647066, 0.00952385442647066, 0.00952385442647066, 0.00952385442647066, 0.00952385442647066]], [[0.9523807278676467, 0.00952385442647066, 0.00952385442647066, 0.00952385442647066, 0.00952385442647066, 0.00952385442647066], [0.9523807278676467, 0.00952385442647066, 0.00952385442647066, 0.00952385442647066, 0.00952385442647066, 0.00952385442647066], [0.022479180753601356, 0.03635379158431107, 0.012253561245843633, 0.009939954070129074, 0.9090335582759859, 0.009939954070129074], [0.9199491163251, 0.03743292679158086, 0.00990112470717627, 0.00990112470717627, 0.012914582761790394, 0.00990112470717627], [0.9171533038572013, 0.039321737160375694, 0.00991148804826498, 0.00991148804826498, 0.013790494837628025, 0.00991148804826498], [0.9092071700423286, 0.04341229688520199, 0.011650793748471912, 0.009936718118702635, 0.015856303086592177, 0.009936718118702635], [0.8946635519882131, 0.04877492492148998, 0.015646782338583652, 0.011485469889724244, 0.01946668205959309, 0.009962588802395887], [0.9523807278676467, 0.00952385442647066, 0.00952385442647066, 0.00952385442647066, 0.00952385442647066, 0.00952385442647066], [0.8793176980794609, 0.06290017736517463, 0.014354201454291686, 0.011642967391855373, 0.02182707782402306, 0.009957877885194363], [0.3970288882943616, 0.12918907111280037, 0.009939135625668106, 0.21061170550378058, 0.24329206383772117, 0.009939135625668106], [0.04201180039811313, 0.07050318258594568, 0.01201668980256599, 0.01092973200658873, 0.8545898212948785, 0.009948773911907943], [0.8818446277184325, 0.06169112165373959, 0.009889519370778413, 0.009889519370778413, 0.02679569251549262, 0.009889519370778413], [0.8801713749954968, 0.07425727569181596, 0.009864694232491178, 0.009864694232491178, 0.015977266615213686, 0.009864694232491178], [0.04447894767426647, 0.05792452555023608, 0.009903842749974476, 0.009903842749974476, 0.8678849985255741, 0.009903842749974476], [0.8873007729410823, 0.0686514922956022, 0.009865003588508378, 0.009865003588508378, 0.014452723997790209, 0.009865003588508378], [0.8979659010331856, 0.05538151358344351, 0.009899714789862105, 0.012075351611209257, 0.014777804192437136, 0.009899714789862105], [0.8967612560069735, 0.058513220140419514, 0.00987142933392911, 0.00987142933392911, 0.015111235850819638, 0.00987142933392911], [0.03146358189396696, 0.05360767880944451, 0.009917420089342576, 0.009917420089342576, 0.8851764790285609, 0.009917420089342576], [0.9523807278676467, 0.00952385442647066, 0.00952385442647066, 0.00952385442647066, 0.00952385442647066, 0.00952385442647066], [0.02893196946613424, 0.049143651262922895, 0.014593734931651326, 0.01891303270641884, 0.8784816569331667, 0.009935954699706016], [0.899017089040403, 0.053031703599995, 0.009860968619295687, 0.009860968619295687, 0.018368301501714944, 0.009860968619295687], [0.8897961509557608, 0.04244807940488498, 0.009920853184005594, 0.034189760093422505, 0.013724303177920456, 0.009920853184005594], [0.9172475456880382, 0.039674175207190576, 0.009903043603283344, 0.009903043603283344, 0.013369148294921092, 0.009903043603283344], [0.024327396459909112, 0.03829108172669711, 0.011221049468198145, 0.009933806764815147, 0.9062928588155654, 0.009933806764815147], [0.9194109400785863, 0.03800329594597866, 0.00989357576589024, 0.00989357576589024, 0.012905036677764261, 0.00989357576589024], [0.9176891641274727, 0.03954589702113032, 0.009888761472028756, 0.009888761472028756, 0.013098654435310773, 0.009888761472028756], [0.9139375254758583, 0.042099014995924305, 0.009908711667324833, 0.009908711667324833, 0.014237324526242882, 0.009908711667324833], [0.913618344187099, 0.042369021462209465, 0.009904300453671676, 0.009904300453671676, 0.014299732989676565, 0.009904300453671676], [0.9106863303685142, 0.04461872247918096, 0.009914730683930104, 0.009914730683930104, 0.01495075510051449, 0.009914730683930104], [0.030549240379468164, 0.047786376825676914, 0.01252421173292536, 0.010117154623638203, 0.8890718439575612, 0.009951172480730146], [0.9039088157128308, 0.04969060445577921, 0.010390546656596708, 0.009926605133439842, 0.0161568229079136, 0.009926605133439842], [0.030783070457647374, 0.04788938446358471, 0.011737071493327103, 0.009945162502520264, 0.8897001485804004, 0.009945162502520264], [0.9118211652378693, 0.04510731027298591, 0.009873204407141574, 0.009873204407141574, 0.013451911267720107, 0.009873204407141574], [0.9102273258693834, 0.04734257712166925, 0.009851309734783419, 0.009851309734783419, 0.012876167804597206, 0.009851309734783419], [0.026895278892000954, 0.052149224393310836, 0.009860660914012265, 0.009860660914012265, 0.8913735139726515, 0.009860660914012265], [0.027964175963230354, 0.05593291345790585, 0.009854488762977507, 0.009854488762977507, 0.8865394442899313, 0.009854488762977507], [0.030880279533638394, 0.060694462274839676, 0.009875368417816806, 0.009875368417816806, 0.8787991529380714, 0.009875368417816806], [0.9047066836596375, 0.051220310587843744, 0.009884139888153967, 0.009884139888153967, 0.014420586088056794, 0.009884139888153967], [0.9071747143441216, 0.04604929479419907, 0.011081327866888568, 0.00993101532438189, 0.01583263234602723, 0.00993101532438189], [0.9523807278676467, 0.00952385442647066, 0.00952385442647066, 0.00952385442647066, 0.00952385442647066, 0.00952385442647066]], [[0.9523807278676467, 0.00952385442647066, 0.00952385442647066, 0.00952385442647066, 0.00952385442647066, 0.00952385442647066], [0.9245427537434314, 0.0334611087305862, 0.00990680254644144, 0.00990680254644144, 0.012275729886658043, 0.00990680254644144], [0.021114064618678756, 0.03530059657152102, 0.01005654254019043, 0.009919739643092385, 0.913689316983425, 0.009919739643092385], [0.9227979067474952, 0.03606062181627733, 0.009867089376569667, 0.009867089376569667, 0.011540203306518474, 0.009867089376569667], [0.9205361487628936, 0.03806658614533716, 0.009862568074374505, 0.009862568074374505, 0.011809560868645598, 0.009862568074374505], [0.026609705631379526, 0.043090177307316284, 0.010244645447634548, 0.009928344092178992, 0.9001987834293116, 0.009928344092178992], [0.905677557432739, 0.04759493867220888, 0.010677398293786864, 0.00992988651520485, 0.016190332570855493, 0.00992988651520485], [0.8982862583564847, 0.05209940625324601, 0.011700081849557164, 0.009942412519905163, 0.018029428500901855, 0.009942412519905163], [0.9523807278676467, 0.00952385442647066, 0.00952385442647066, 0.00952385442647066, 0.00952385442647066, 0.00952385442647066], [0.8842931561174315, 0.06685257075232512, 0.00995546345931089, 0.009929462123631112, 0.0190398854236703, 0.009929462123631112], [0.0390232149233388, 0.06607608107371106, 0.009927875529137486, 0.009927875529137486, 0.8651170774155378, 0.009927875529137486], [0.8885706952121339, 0.06678751406031905, 0.009842971822453663, 0.009842971822453663, 0.0151128752601859, 0.009842971822453663], [0.3480921785892755, 0.17996592330623154, 0.009851364562767683, 0.22326551153865504, 0.22897365744030268, 0.009851364562767683], [0.8573215379962847, 0.08422007696215977, 0.009849380349241467, 0.009849380349241467, 0.02891024399383114, 0.009849380349241467], [0.04561237011602027, 0.09498130358001498, 0.00990324988822885, 0.026541391126376053, 0.8130584354011311, 0.00990324988822885], [0.8796693739461663, 0.06496639931552113, 0.009874006036183361, 0.021700144788911926, 0.01391606987703394, 0.009874006036183361], [0.20455823787513985, 0.25123204147392525, 0.009870296079367877, 0.39760693246861284, 0.1268621960235864, 0.009870296079367877], [0.8975897171223227, 0.05915153516811396, 0.009842922260100022, 0.009842922260100022, 0.013729980929263292, 0.009842922260100022], [0.03087003334456456, 0.07387204040497147, 0.009898208749258876, 0.012315176100960832, 0.8631463326509854, 0.009898208749258876], [0.9523807278676467, 0.00952385442647066, 0.00952385442647066, 0.00952385442647066, 0.00952385442647066, 0.00952385442647066], [0.031345130862922246, 0.054728694981924536, 0.020382375699134078, 0.009924347702262283, 0.8736951030514947, 0.009924347702262283], [0.8959138953928819, 0.04659209719394505, 0.00991807928238043, 0.02343034578139616, 0.014227503067016083, 0.00991807928238043], [0.9083710782252071, 0.04752229527009218, 0.009917582478018983, 0.009917582478018983, 0.014353879070643638, 0.009917582478018983], [0.9149687577892991, 0.04140828115219843, 0.009904841832729638, 0.009904841832729638, 0.013908435560313726, 0.009904841832729638], [0.9155509376227374, 0.04144811262965017, 0.00988854077385571, 0.00988854077385571, 0.013335327426045143, 0.00988854077385571], [0.02734905345373626, 0.04627423465504622, 0.00990633612778341, 0.00990633612778341, 0.8966577035078672, 0.00990633612778341], [0.03888111904525536, 0.06375857865899043, 0.009937198221061086, 0.011861966677057785, 0.8656239391765743, 0.009937198221061086], [0.8875811764541232, 0.06347580626583038, 0.0098956371788154, 0.0098956371788154, 0.01925610574360024, 0.0098956371788154], [0.8829588128943592, 0.0659272446734364, 0.00991700747105162, 0.010318791128016268, 0.02096113636208483, 0.00991700747105162], [0.8692280120827648, 0.07960843255855667, 0.009913964421395697, 0.010210082465634136, 0.021125544050253204, 0.009913964421395697], [0.8718481111002686, 0.07190853223618601, 0.009946531147744223, 0.012387601450661147, 0.023962692917395938, 0.009946531147744223], [0.8808940681053958, 0.0663649511743958, 0.00992846787748495, 0.011043998998123883, 0.021840045967114547, 0.00992846787748495], [0.8868196934070656, 0.06309124682965013, 0.009913140006720993, 0.00997820434221328, 0.020284575407628975, 0.009913140006720993], [0.8845277280906226, 0.06734573152622804, 0.009870029609127594, 0.009870029609127594, 0.018516451555766467, 0.009870029609127594], [0.03893765025268369, 0.07041297022374608, 0.009891715637549002, 0.009891715637549002, 0.8609742326109232, 0.009891715637549002], [0.8762289279334845, 0.07602608391419761, 0.00985517539527514, 0.00985517539527514, 0.01817946196649229, 0.00985517539527514], [0.3791776770221134, 0.1557747036012752, 0.009872414274744648, 0.1526360946700927, 0.2926666961570293, 0.009872414274744648], [0.8959688663037615, 0.05922411424430195, 0.00987394304575796, 0.00987394304575796, 0.015185190314662544, 0.00987394304575796], [0.9018891751362047, 0.051686806807642725, 0.010225125730682209, 0.009925232254143287, 0.01634842781718387, 0.009925232254143287], [0.9523807278676467, 0.00952385442647066, 0.00952385442647066, 0.00952385442647066, 0.00952385442647066, 0.00952385442647066]], [[0.9523807278676467, 0.00952385442647066, 0.00952385442647066, 0.00952385442647066, 0.00952385442647066, 0.00952385442647066], [0.9249590502094701, 0.03395725913679302, 0.009874199951303087, 0.009874199951303087, 0.011461090799827522, 0.009874199951303087], [0.9242766511400544, 0.03560760099224415, 0.009844197676857366, 0.009844197676857366, 0.010583154837129348, 0.009844197676857366], [0.9231758519198116, 0.036941977499985734, 0.009830797846180454, 0.009830797846180454, 0.010389777041661295, 0.009830797846180454], [0.9033977526181406, 0.05163628595525816, 0.009857412554024685, 0.009857412554024685, 0.015393723764527167, 0.009857412554024685], [0.9156568342754898, 0.04332604042475686, 0.009834769506096689, 0.009834769506096689, 0.011512816781463323, 0.009834769506096689], [0.9072488204331319, 0.0494622905408252, 0.00986245645101666, 0.00986245645101666, 0.01370151967299287, 0.00986245645101666], [0.8997583978438299, 0.055389020368970324, 0.00987675687679999, 0.00987675687679999, 0.015222311156799725, 0.00987675687679999], [0.8875660738926165, 0.06501340505013072, 0.009900476593130045, 0.009900476593130045, 0.017719091277862645, 0.009900476593130045], [0.9523807278676467, 0.00952385442647066, 0.00952385442647066, 0.00952385442647066, 0.00952385442647066, 0.00952385442647066], [0.9523807278676467, 0.00952385442647066, 0.00952385442647066, 0.00952385442647066, 0.00952385442647066, 0.00952385442647066], [0.8928191305961566, 0.059481733706365086, 0.014447744982734188, 0.010345037763549869, 0.01298885177541761, 0.009917501175776597], [0.8844293306034607, 0.07429239022515714, 0.009846847999134163, 0.009846847999134163, 0.011737735173979602, 0.009846847999134163], [0.030720226084479375, 0.08934720052153353, 0.00980252562375587, 0.00980252562375587, 0.8505249965227195, 0.00980252562375587], [0.028876977274834327, 0.07692386748154037, 0.009851347901753255, 0.015091949891693797, 0.859404509548425, 0.009851347901753255], [0.03955137480658035, 0.08076562868589068, 0.00982235281748929, 0.00982235281748929, 0.850215938055061, 0.00982235281748929], [0.8912461944822619, 0.06751132046607061, 0.009851912728070606, 0.009851912728070606, 0.011686746867455515, 0.009851912728070606], [0.8979528380344335, 0.06153978770979303, 0.009849486200988007, 0.009849486200988007, 0.010958915652809448, 0.009849486200988007], [0.02863665222885793, 0.06411534929850785, 0.009868781781585179, 0.021456751720418877, 0.866053683189045, 0.009868781781585179], [0.8933462111860568, 0.05614709072735283, 0.011025475870756675, 0.01640367114304377, 0.013156252903668475, 0.009921298169121413], [0.9523807278676467, 0.00952385442647066, 0.00952385442647066, 0.00952385442647066, 0.00952385442647066, 0.00952385442647066], [0.8782934528558074, 0.049684245322863724, 0.01932648374112944, 0.018161001265558883, 0.024602010506676368, 0.009932806307964092], [0.9095612935112936, 0.045684334408588406, 0.00991949583849341, 0.00991949583849341, 0.01499588456463793, 0.00991949583849341], [0.89523088566305, 0.045144292256876495, 0.010063185300835858, 0.024359384512268968, 0.015263112888716799, 0.009939139378251834], [0.9103448583549862, 0.04467145311943467, 0.00997471001900052, 0.009921713381886915, 0.015165551742804857, 0.009921713381886915], [0.906380885585451, 0.049334204166627364, 0.009886412508950781, 0.009886412508950781, 0.014625672721069205, 0.009886412508950781], [0.9009594153030357, 0.054213225645346995, 0.009882946940188821, 0.009882946940188821, 0.015178518231050877, 0.009882946940188821], [0.8788877435995995, 0.07156963077502415, 0.009885091797726609, 0.009885091797726609, 0.01988735023219659, 0.009885091797726609], [0.8726547208011577, 0.0762146344331801, 0.009902185735414841, 0.009902185735414841, 0.021424087559417753, 0.009902185735414841], [0.866317021621784, 0.08227539259125469, 0.009895991500255406, 0.009895991500255406, 0.021719611286194925, 0.009895991500255406], [0.3864644776623146, 0.13711357879794797, 0.009889653189036606, 0.1703309652907297, 0.2863116718709345, 0.009889653189036606], [0.8751680476704456, 0.0745560746921991, 0.009888849858513446, 0.009888849858513446, 0.020609328061814775, 0.009888849858513446], [0.8852124119293174, 0.06598929955186458, 0.00988290825665696, 0.00988290825665696, 0.01914956374884713, 0.00988290825665696], [0.8864481746926833, 0.06599423441724445, 0.009859967972886054, 0.009859967972886054, 0.01797768697141413, 0.009859967972886054], [0.88878076773842, 0.06404610363143841, 0.0098628285522949, 0.0098628285522949, 0.01758464297325684, 0.0098628285522949], [0.8844772256268617, 0.06785689679923312, 0.009864103357269866, 0.009864103357269866, 0.01807356750209548, 0.009864103357269866], [0.87348177289756, 0.0765862515649006, 0.00988626134331801, 0.00988626134331801, 0.020273191507585355, 0.00988626134331801], [0.03172572360480105, 0.058537145468298996, 0.009888093179414699, 0.009888093179414699, 0.8800728513886559, 0.009888093179414699], [0.030933056281192473, 0.05117154492522427, 0.010804849459084572, 0.009935371370135584, 0.8872198065942276, 0.009935371370135584], [0.9523807278676467, 0.00952385442647066, 0.00952385442647066, 0.00952385442647066, 0.00952385442647066, 0.00952385442647066]], [[0.9523807278676467, 0.00952385442647066, 0.00952385442647066, 0.00952385442647066, 0.00952385442647066, 0.00952385442647066], [0.9225497588042952, 0.03603057733645924, 0.00987527174289433, 0.00987527174289433, 0.011793848630562391, 0.00987527174289433], [0.9215339156874038, 0.03766514895846432, 0.009853108657702584, 0.009853108657702584, 0.011241609381024021, 0.009853108657702584], [0.9014768007763225, 0.052345806722208635, 0.009880518156919895, 0.009880518156919895, 0.01653583803070916, 0.009880518156919895], [0.8983140632867884, 0.055913148008257564, 0.009862104639012718, 0.009862104639012718, 0.01618647478791592, 0.009862104639012718], [0.8906384907006605, 0.06176236952106404, 0.009877555743557144, 0.009877555743557144, 0.01796647254760391, 0.009877555743557144], [0.9006190281577732, 0.05563199018397775, 0.009857948664014222, 0.009857948664014222, 0.014175135666206358, 0.009857948664014222], [0.03641488518462655, 0.06410054737372257, 0.00991469091695717, 0.00991469091695717, 0.8697404946907794, 0.00991469091695717], [0.35867858679407444, 0.13756166162285194, 0.009887613007638414, 0.136027746418605, 0.34795677914919193, 0.009887613007638414], [0.8846407616916699, 0.06667950081031399, 0.009920971607741394, 0.009920971607741394, 0.018916822674791955, 0.009920971607741394], [0.9523807278676467, 0.00952385442647066, 0.00952385442647066, 0.00952385442647066, 0.00952385442647066, 0.00952385442647066], [0.03415122687394519, 0.05952975766457422, 0.009859497342076215, 0.009859497342076215, 0.8767405234352519, 0.009859497342076215], [0.03247403305521058, 0.06469224457713348, 0.009819171988970286, 0.009819171988970286, 0.8733762064007451, 0.009819171988970286], [0.028844034387032945, 0.07117294492092051, 0.009849339010121224, 0.009849339010121224, 0.8704350036616828, 0.009849339010121224], [0.8795416804975144, 0.08080483407008071, 0.00983749977334612, 0.00983749977334612, 0.010140986112366487, 0.00983749977334612], [0.8444198037012096, 0.0894999878171672, 0.009847459999551618, 0.02153096231129039, 0.02485432617122957, 0.009847459999551618], [0.8581782828245043, 0.07636244709534727, 0.00984230536547279, 0.03175071207604703, 0.014023947273155955, 0.00984230536547279], [0.027825047064269144, 0.06761201881312873, 0.00985885545951382, 0.02084241037804765, 0.8640028128255268, 0.00985885545951382], [0.028524066560298593, 0.0871205566372137, 0.009811364668794405, 0.009811364668794405, 0.8549212827961045, 0.009811364668794405], [0.8878968665235243, 0.06970778862999029, 0.00982671541422376, 0.00982671541422376, 0.012915198603814104, 0.00982671541422376], [0.21567533925189644, 0.012061654754968912, 0.5748354133825179, 0.08349080896323353, 0.10401069431085491, 0.009926089336528348], [0.9523807278676467, 0.00952385442647066, 0.00952385442647066, 0.00952385442647066, 0.00952385442647066, 0.00952385442647066], [0.9523807278676467, 0.00952385442647066, 0.00952385442647066, 0.00952385442647066, 0.00952385442647066, 0.00952385442647066], [0.9523807278676467, 0.00952385442647066, 0.00952385442647066, 0.00952385442647066, 0.00952385442647066, 0.00952385442647066], [0.8849584407997049, 0.04943005857969042, 0.012193188980108412, 0.02590612930301732, 0.017563882728939526, 0.009948299608539523], [0.9000777718397714, 0.053387762019459176, 0.00992359817753744, 0.00992359817753744, 0.01676367160815703, 0.00992359817753744], [0.8922878743902944, 0.06133881445927941, 0.009896058228707804, 0.009896058228707804, 0.016685136464302634, 0.009896058228707804], [0.03543474495552628, 0.06319189365949382, 0.009899269199628268, 0.009899269199628268, 0.8716755537860952, 0.009899269199628268], [0.045295305385791164, 0.07928962874643368, 0.009917717520336398, 0.01128112271870113, 0.8442985081084011, 0.009917717520336398], [0.04414716726959776, 0.07974091593999119, 0.009902712676819027, 0.010241165667962277, 0.8460653257688107, 0.009902712676819027], [0.87007862086986, 0.07868101547157755, 0.00989880844955847, 0.00989880844955847, 0.021543938309887146, 0.00989880844955847], [0.8832151287418457, 0.0683964783827814, 0.009871457859919832, 0.009871457859919832, 0.018774019295613235, 0.009871457859919832], [0.8937922942570817, 0.059549090466066906, 0.009863583766874828, 0.009863583766874828, 0.017067863976226727, 0.009863583766874828], [0.8938384991970568, 0.05934430123156433, 0.009863190410807316, 0.009863190410807316, 0.01722762833895698, 0.009863190410807316], [0.8932318455450897, 0.0591154208807526, 0.00988279291325036, 0.00988279291325036, 0.01800435483440644, 0.00988279291325036], [0.0413322021598484, 0.06604655167086487, 0.009928796013526286, 0.011505990682736002, 0.8612576634594982, 0.009928796013526286], [0.8762772282860817, 0.07231342364265134, 0.009912353978615009, 0.010213306529127553, 0.02137133358490958, 0.009912353978615009], [0.033244355633342, 0.05581771689353896, 0.010041067589321655, 0.009931653341384392, 0.8810335532010287, 0.009931653341384392], [0.9052889514383687, 0.049058197334068215, 0.00991981106097375, 0.00991981106097375, 0.015893418044641748, 0.00991981106097375], [0.9523807278676467, 0.00952385442647066, 0.00952385442647066, 0.00952385442647066, 0.00952385442647066, 0.00952385442647066]], [[0.9523807278676467, 0.00952385442647066, 0.00952385442647066, 0.00952385442647066, 0.00952385442647066, 0.00952385442647066], [0.021847771560011737, 0.03599629799560544, 0.009988579588682132, 0.009918458727425776, 0.9123304334008491, 0.009918458727425776], [0.021989067736666538, 0.03790763376953735, 0.009891615207623933, 0.009891615207623933, 0.9104284528709242, 0.009891615207623933], [0.8997233336284784, 0.05378738085844876, 0.009885078773017806, 0.009885078773017806, 0.016834049194019277, 0.009885078773017806], [0.03450002620994554, 0.05566632055046034, 0.00992036900906742, 0.010438744312468306, 0.8795541709089911, 0.00992036900906742], [0.8898537221709166, 0.06258597191366731, 0.009875554215633636, 0.009875554215633636, 0.017933643268515216, 0.009875554215633636], [0.04179226537087807, 0.06978613617348406, 0.009927263411372369, 0.011607259179483805, 0.8569598124534094, 0.009927263411372369], [0.03325430735459613, 0.07030715950312333, 0.00989424331065799, 0.00989424331065799, 0.8667558032103065, 0.00989424331065799], [0.03641488518462655, 0.06410054737372257, 0.00991469091695717, 0.00991469091695717, 0.8697404946907794, 0.00991469091695717], [0.8972523359502601, 0.05783618592803333, 0.009872003981736707, 0.009872003981736707, 0.015295466176496287, 0.009872003981736707], [0.03210248316026836, 0.05195021873563615, 0.009908418065295627, 0.009908418065295627, 0.8862220439082087, 0.009908418065295627], [0.9523807278676467, 0.00952385442647066, 0.00952385442647066, 0.00952385442647066, 0.00952385442647066, 0.00952385442647066], [0.9523807278676467, 0.00952385442647066, 0.00952385442647066, 0.00952385442647066, 0.00952385442647066, 0.00952385442647066], [0.03021090969482911, 0.058682265438818625, 0.009865147295308714, 0.009865147295308714, 0.8815113829804262, 0.009865147295308714], [0.8807404605626561, 0.07912106984991346, 0.009791231163443114, 0.009791231163443114, 0.01076477609710107, 0.009791231163443114], [0.03261902438715791, 0.08071917990428432, 0.009808405344577458, 0.009808405344577458, 0.8572365796748254, 0.009808405344577458], [0.038633026938088365, 0.07854487793837706, 0.009857547369092699, 0.012009409284656542, 0.8510975911006926, 0.009857547369092699], [0.8655626426406821, 0.08422109143813963, 0.009850817779484388, 0.01624067136807206, 0.014273958994137472, 0.009850817779484388], [0.8708031409843008, 0.08877789478553998, 0.009807428538809502, 0.009807428538809502, 0.010996678613730774, 0.009807428538809502], [0.8879237249733278, 0.05287444242265174, 0.009876966555113052, 0.026924915362951125, 0.012522984130843271, 0.009876966555113052], [0.03149085824677067, 0.07552854406730998, 0.009894634759365603, 0.009894634759365603, 0.8632966934078226, 0.009894634759365603], [0.041474830432744, 0.05306543488022122, 0.01215712473788642, 0.020905728159961015, 0.8624484074392414, 0.00994847434994603], [0.8946511479473033, 0.04876289279446617, 0.010823762665006828, 0.01959754768776726, 0.016222390107054327, 0.009942258798402201], [0.8796276646392, 0.04882934168690946, 0.012512357929319113, 0.03145243743616225, 0.017628646873768278, 0.009949551434641109], [0.9523807278676467, 0.00952385442647066, 0.00952385442647066, 0.00952385442647066, 0.00952385442647066, 0.00952385442647066], [0.8823759256614675, 0.060349192231751815, 0.014489683507824393, 0.011527068603380444, 0.02129993139286828, 0.009958198602707583], [0.3802995777703953, 0.12700223035345184, 0.00994609845407611, 0.1570481317587527, 0.31575786320924787, 0.00994609845407611], [0.8808560006433143, 0.06828137313071193, 0.010806593500862218, 0.009941284085014084, 0.020173464555083592, 0.009941284085014084], [0.8834316334087546, 0.06882615300199231, 0.00990162880875038, 0.00990162880875038, 0.01803732716300195, 0.00990162880875038], [0.03385565333807755, 0.06323612447549973, 0.009866265613304085, 0.009866265613304085, 0.8733094253465105, 0.009866265613304085], [0.876594447431366, 0.07456859773483603, 0.00986806307923838, 0.00986806307923838, 0.01923276559608279, 0.00986806307923838], [0.038820968982409124, 0.06944562961037645, 0.00987025937084926, 0.00987025937084926, 0.8621226232946666, 0.00987025937084926], [0.03659770372122795, 0.06205054341232595, 0.009880383452896782, 0.009880383452896782, 0.8717106025077558, 0.009880383452896782], [0.8952348393756505, 0.05875916181519773, 0.009851362167917582, 0.009851362167917582, 0.016451912305399042, 0.009851362167917582], [0.8903662577114935, 0.06062350360157331, 0.009900838636670128, 0.009900838636670128, 0.019307722776922734, 0.009900838636670128], [0.8820029555189607, 0.06758709028529786, 0.009908108899408703, 0.009908108899408703, 0.020685627497515513, 0.009908108899408703], [0.8756827918829263, 0.07027436789353704, 0.009929227226013927, 0.011317802178456236, 0.022866583593052527, 0.009929227226013927], [0.8961120041744085, 0.057175132368855616, 0.009914091856437528, 0.009914091856437528, 0.016970587887423234, 0.009914091856437528], [0.899930003899151, 0.051350033157738506, 0.0113364156030247, 0.009936728836959653, 0.017510089666166632, 0.009936728836959653], [0.9523807278676467, 0.00952385442647066, 0.00952385442647066, 0.00952385442647066, 0.00952385442647066, 0.00952385442647066]], [[0.9523807278676467, 0.00952385442647066, 0.00952385442647066, 0.00952385442647066, 0.00952385442647066, 0.00952385442647066], [0.9217495149236438, 0.03590980782096834, 0.009901009056543371, 0.009901009056543371, 0.012637650085757667, 0.009901009056543371], [0.9204549179898142, 0.037984515234639256, 0.00987211521896186, 0.00987211521896186, 0.011944221118661079, 0.00987211521896186], [0.03368789543442584, 0.0536083137061106, 0.0099391190922774, 0.011390334854360052, 0.8814352178205488, 0.0099391190922774], [0.8945037748595809, 0.057740095655894795, 0.009894362807257893, 0.009894362807257893, 0.018073041062750504, 0.009894362807257893], [0.8869436293896376, 0.06354221456317379, 0.009906499905333288, 0.009906499905333288, 0.019794656331188876, 0.009906499905333288], [0.8774490302851686, 0.07086988496741362, 0.009914988420283627, 0.010384326780906793, 0.021466781125943687, 0.009914988420283627], [0.8802016164544325, 0.06766722344645182, 0.009919707883067348, 0.010622306274814015, 0.021669438058166967, 0.009919707883067348], [0.9008092384204904, 0.05526851091768148, 0.009858253278670731, 0.009858253278670731, 0.01434749082581585, 0.009858253278670731], [0.9077134289058727, 0.04953265662871856, 0.00984876163879242, 0.00984876163879242, 0.013207629549031524, 0.00984876163879242], [0.9072981352520525, 0.050831784518790425, 0.009840973927149655, 0.009840973927149655, 0.012347158447708033, 0.009840973927149655], [0.9523807278676467, 0.00952385442647066, 0.00952385442647066, 0.00952385442647066, 0.00952385442647066, 0.00952385442647066], [0.9523807278676467, 0.00952385442647066, 0.00952385442647066, 0.00952385442647066, 0.00952385442647066, 0.00952385442647066], [0.8882522815760313, 0.05933971116917006, 0.02070614608875197, 0.009866774746330095, 0.011968311673386559, 0.009866774746330095], [0.0318773536882914, 0.06078430206686056, 0.009882872319549782, 0.022322596064225868, 0.8652500035415226, 0.009882872319549782], [0.2073386253266492, 0.583216734350099, 0.00984822000915541, 0.0943640188020336, 0.09538418150290727, 0.00984822000915541], [0.8862455185537893, 0.07123965680531637, 0.009826389120139212, 0.009826389120139212, 0.013035657280476674, 0.009826389120139212], [0.0382128970027838, 0.07567500685691582, 0.00988936254658779, 0.025041551024664172, 0.8412918200224606, 0.00988936254658779], [0.03598016965491062, 0.06644486665345109, 0.00988894043603911, 0.024907391863797153, 0.8528896909557628, 0.00988894043603911], [0.877560193864314, 0.06366168718845312, 0.009878884768220166, 0.026946552361425458, 0.01207379704936708, 0.009878884768220166], [0.039447376556542506, 0.0587939226768548, 0.00992445703608261, 0.018887926719859872, 0.8630218599745776, 0.00992445703608261], [0.9033558165568273, 0.045888451465865815, 0.009906846217008552, 0.01744774148376884, 0.013494298059520909, 0.009906846217008552], [0.896230088182855, 0.054614148800151675, 0.009896466289485326, 0.009896466289485326, 0.019466364148537342, 0.009896466289485326], [0.9103988970966357, 0.045018195959110274, 0.009909883571479663, 0.009909883571479663, 0.014853256229814997, 0.009909883571479663], [0.03365690863283908, 0.050358198841108606, 0.01561905862956789, 0.012075889458809323, 0.878325705004708, 0.009964239432967249], [0.9523807278676467, 0.00952385442647066, 0.00952385442647066, 0.00952385442647066, 0.00952385442647066, 0.00952385442647066], [0.8780714026348351, 0.06609542656603101, 0.013000116126512418, 0.011065350072413471, 0.021815218584961917, 0.00995248601524601], [0.8776508822856462, 0.06891145413296597, 0.011759213037569395, 0.010359041867561567, 0.021372345530915972, 0.00994706314534083], [0.4239532348181116, 0.12609656109480072, 0.009901588173009006, 0.1587162831422208, 0.2714307445988489, 0.009901588173009006], [0.8917136209105301, 0.06426827197528939, 0.009